Plate	Well	Genotype	Treatment	Week0	Week1	Week2	Week3	Week4	Qymax.Week4	Qymax.Week0
79	B1	P17B3	AC.AT	0.040064465	0.199742973	0.386793217	0.559590995	0.739071886	0.62	0.80
79	B2	P17B3	AC.AT	0.041423259	0.080252387	0.094994346	0.117441051	0.135682842	0.56	0.79
79	B3	P17B3	AC.AT	0.04200807	0.073162406	0.086380067	0.113100185	0.138769141	0.59	0.80
79	B4	P17B3	AC.AT	0.040059283	0.213108411	0.360249627	0.520345273	0.675810935	0.6	0.81
67	B1	P17B3	AC.AT	0.003433123	0.031418424	0.087131039	0.124056603	0.164812845	0.69	0.83
82	B1	P17B3	AC.ET	0.047737792	0.210940091	0.39072028	0.553285383	0.71728385	0.6	0.80
82	B2	P17B3	AC.ET	0.048348349	0.216880026	0.358318659	0.505723529	0.659595457	0.58	0.82
82	B3	P17B3	AC.ET	0.04852566	0.081704731	0.097857072	0.111164199	0.130207469	0.52	0.81
82	B4	P17B3	AC.ET	0.048539932	0.073077013	0.088398408	0.118522695	0.142055622	0.58	0.83
70	B1	P17B3	AC.ET	0.013796559	0.048384965	0.08871902	0.122613082	0.156810846	0.62	0.80
81	B1	P17B3	Control.AT	0.046492572	0.18792437	0.367503478	0.525756359	0.688317736	0.59	0.80
81	B2	P17B3	Control.AT	0.046423733	0.204206515	0.349094843	0.512451958	0.664899494	0.61	0.81
81	B3	P17B3	Control.AT	0.046377241	0.07936398	0.096487211	0.111367096	0.132314721	0.59	0.81
81	B4	P17B3	Control.AT	0.046530242	0.208432382	0.352721197	0.505450998	0.659842584	0.56	0.79
69	B1	P17B3	Control.AT	0.01142754	0.0633833	0.082384289	0.118517885	0.153089821	0.63	0.81
84	B1	P17B3	Control.ET	0.055049545	0.232683782	0.400471491	0.562506345	0.7250882	0.63	0.79
84	B2	P17B3	Control.ET	0.055798721	0.212648029	0.35849703	0.504636182	0.656174776	0.66	0.82
84	B3	P17B3	Control.ET	0.055013006	0.208590511	0.376336235	0.545490575	0.705871845	0.62	0.80
84	B4	P17B3	Control.ET	0.054108098	0.073792173	0.096392748	0.110363511	0.12732819	0.64	0.82
72	B1	P17B3	Control.ET	0.019792296	0.201022433	0.355976481	0.521032091	0.68343923	0.55	0.79
80	B1	P17B3	EC.AT	0.04510266	0.055323549	0.084028686	0.120213695	0.144572075	0.66	0.81
80	B2	P17B3	EC.AT	0.045071316	0.056253073	0.0902439	0.119762327	0.141971081	0.64	0.82
80	B3	P17B3	EC.AT	0.044456144	0.054797637	0.095677434	0.118994608	0.147153061	0.6	0.82
80	B4	P17B3	EC.AT	0.044605091	0.211921615	0.36098519	0.518511853	0.67457755	0.62	0.80
68	B1	P17B3	EC.AT	0.007521501	0.05440831	0.092057797	0.123232005	0.154853989	0.56	0.80
83	B1	P17B3	EC.ET	0.04949751	0.069499197	0.088372712	0.117967275	0.136336744	0.63	0.80
83	B2	P17B3	EC.ET	0.050068115	0.068877901	0.087215481	0.117084683	0.144794252	0.63	0.83
83	B3	P17B3	EC.ET	0.050269066	0.076190453	0.094419934	0.1129941	0.140089614	0.68	0.81
83	B4	P17B3	EC.ET	0.050390508	0.202617933	0.347939643	0.503982621	0.660393072	0.67	0.79
71	B1	P17B3	EC.ET	0.016988671	0.065746911	0.092358193	0.119543187	0.148880194	0.63	0.83
103	C1	P18D5	AC.AT	0.123895364	0.247178127	0.378164469	0.509852402	0.643501255	0.72	0.80
103	C2	P18D5	AC.AT	0.121366641	0.259673109	0.395191503	0.532710257	0.67146184	0.71	0.80
103	C3	P18D5	AC.AT	0.123395772	0.11247798	0.10748962	0.101357011	0.1	0.69	0.81
103	C4	P18D5	AC.AT	0.121800491	0.252551916	0.375703256	0.505612612	0.634127278	0.67	0.83
1	C4	P18D5	AC.AT	0.059466973	0.159140332	0.257590596	0.347854207	0.437874576	0.64	0.83
106	C1	P18D5	AC.ET	0.148290478	0.255085167	0.379887714	0.508890734	0.631324486	0.59	0.80
106	C2	P18D5	AC.ET	0.147894543	0.26399659	0.384490445	0.509693116	0.626134513	0.62	0.80
106	C3	P18D5	AC.ET	0.14762366	0.276169025	0.387281596	0.502855968	0.626469152	0.6	0.81
106	C4	P18D5	AC.ET	0.149227472	0.255982001	0.380631719	0.509762093	0.631591648	0.62	0.80
4	C4	P18D5	AC.ET	0.099539804	0.247619705	0.410947122	0.572433787	0.736758199	0.65	0.81
105	C1	P18D5	Control.AT	0.13796984	0.262683338	0.38157404	0.507736682	0.63305598	0.68	0.82
105	C2	P18D5	Control.AT	0.139826526	0.250167379	0.379066551	0.513175084	0.638678011	0.71	0.79
105	C3	P18D5	Control.AT	0.137026004	0.269532938	0.389112868	0.511457496	0.636551905	0.68	0.81
105	C4	P18D5	Control.AT	0.139412258	0.278252143	0.38503201	0.504092477	0.623402151	0.71	0.81
3	C4	P18D5	Control.AT	0.010999161	0.09768487	0.173576695	0.255962411	0.340240203	0.68	0.81
108	C1	P18D5	Control.ET	0.174209664	0.296190737	0.404260138	0.50354428	0.612930432	0.71	0.83
108	C2	P18D5	Control.ET	0.173919094	0.347174237	0.516285453	0.686643677	0.859092244	0.67	0.81
108	C3	P18D5	Control.ET	0.173504513	0.346428558	0.492541052	0.652030058	0.807108844	0.69	0.82
108	C4	P18D5	Control.ET	0.174146233	0.291705748	0.394999234	0.508780579	0.615710719	0.66	0.81
6	C4	P18D5	Control.ET	0.027338527	0.168201096	0.319924334	0.467126512	0.617407718	0.67	0.80
104	C1	P18D5	EC.AT	0.129316649	0.108537815	0.106723047	0.102530406	0.1	0.64	0.82
104	C2	P18D5	EC.AT	0.128895212	0.109697921	0.107067317	0.104960524	0.100220393	0.58	0.83
104	C3	P18D5	EC.AT	0.128621981	0.110419448	0.10418625	0.105357413	0.100096676	0.56	0.82
104	C4	P18D5	EC.AT	0.129606425	0.26838451	0.395050882	0.544866538	0.684531558	0.58	0.81
2	C4	P18D5	EC.AT	0.022087568	0.04814469	0.090949203	0.118080741	0.155662972	0.67	0.81
107	C1	P18D5	EC.ET	0.163997982	0.268682506	0.395302316	0.512984998	0.629487616	0.72	0.83
107	C2	P18D5	EC.ET	0.162806529	0.275832252	0.389764604	0.510105133	0.627787691	0.71	0.80
107	C3	P18D5	EC.ET	0.163489736	0.271824498	0.345944588	0.444617786	0.53135393	0.66	0.82
107	C4	P18D5	EC.ET	0.165208673	0.282990961	0.401455039	0.519592318	0.638111062	0.64	0.81
5	C4	P18D5	EC.ET	0.014878462	0.163350499	0.324841138	0.472274775	0.624762006	0.68	0.82
103	B1	P19D2	AC.AT	0.127505518	0.262830657	0.38441447	0.510850582	0.631765048	0.69	0.82
103	B2	P19D2	AC.AT	0.124650819	0.109244109	0.110413452	0.10283919	0.100285011	0.66	0.81
103	B3	P19D2	AC.AT	0.124811563	0.25078369	0.385188258	0.508015733	0.638323033	0.63	0.79
103	B4	P19D2	AC.AT	0.123938855	0.258077296	0.383835324	0.503626726	0.63126404	0.64	0.83
67	A1	P19D2	AC.AT	0.006084491	0.190122203	0.381021242	0.58146064	0.7707717	0.68	0.81
106	B1	P19D2	AC.ET	0.152934382	0.321814309	0.483487311	0.648990867	0.812294746	0.6	0.83
106	B2	P19D2	AC.ET	0.152970018	0.276804215	0.38116945	0.50923114	0.627365718	0.56	0.83
106	B3	P19D2	AC.ET	0.149590335	0.266359463	0.389085838	0.5094173	0.629766238	0.54	0.83
106	B4	P19D2	AC.ET	0.152599903	0.265382737	0.389469175	0.507983321	0.62404849	0.52	0.80
70	A1	P19D2	AC.ET	0.015476015	0.174339293	0.340397701	0.508305016	0.671246774	0.7	0.81
105	B1	P19D2	Control.AT	0.140152877	0.253417513	0.391621795	0.519683633	0.65386752	0.61	0.81
105	B2	P19D2	Control.AT	0.142671371	0.262379107	0.399681401	0.524939238	0.648370362	0.67	0.80
105	B3	P19D2	Control.AT	0.140125613	0.244611262	0.347975957	0.451443786	0.55278416	0.71	0.81
105	B4	P19D2	Control.AT	0.140242041	0.259707623	0.39044029	0.505929128	0.629970091	0.67	0.83
69	A1	P19D2	Control.AT	0.012709782	0.036886027	0.082864441	0.123414339	0.160099638	0.66	0.81
108	B1	P19D2	Control.ET	0.175839705	0.301557673	0.403795694	0.506923423	0.612318541	0.63	0.82
108	B2	P19D2	Control.ET	0.174752577	0.328084506	0.497761301	0.649538322	0.808168243	0.69	0.79
108	B3	P19D2	Control.ET	0.174244059	0.288599428	0.398383763	0.507316176	0.617187432	0.68	0.81
108	B4	P19D2	Control.ET	0.175482922	0.293468962	0.394440858	0.504815246	0.618331226	0.67	0.80
72	A1	P19D2	Control.ET	0.0205765	0.1903056	0.34893582	0.508018312	0.66955819	0.65	0.81
104	B1	P19D2	EC.AT	0.129837373	0.257681075	0.387098009	0.511234425	0.635084284	0.64	0.80
104	B2	P19D2	EC.AT	0.133282542	0.26834346	0.390158847	0.512018241	0.643709452	0.61	0.81
104	B3	P19D2	EC.AT	0.130255829	0.302828222	0.479181774	0.653780049	0.828657226	0.58	0.82
104	B4	P19D2	EC.AT	0.129717707	0.254158153	0.378728672	0.509322224	0.629771872	0.59	0.79
68	A1	P19D2	EC.AT	0.008516726	0.058988148	0.082814181	0.120812886	0.155922835	0.65	0.83
107	B1	P19D2	EC.ET	0.165235543	0.341013041	0.49831459	0.658419429	0.826649426	0.65	0.79
107	B2	P19D2	EC.ET	0.169679805	0.284648625	0.399926913	0.510042158	0.623747209	0.67	0.80
107	B3	P19D2	EC.ET	0.167796464	0.327963349	0.497821701	0.654573083	0.817841947	0.65	0.80
107	B4	P19D2	EC.ET	0.165605057	0.271243407	0.394809014	0.50836168	0.624012088	0.62	0.80
71	A1	P19D2	EC.ET	0.01848428	0.228009901	0.436832305	0.652360797	0.86284435	0.66	0.80
109	C1	P1A5	AC.AT	0.17700867	0.288058645	0.39316661	0.505473724	0.619591177	0.58	0.81
109	C2	P1A5	AC.AT	0.18149984	0.285343736	0.396796395	0.507652114	0.619715322	0.6	0.82
109	C3	P1A5	AC.AT	0.176431894	0.291157458	0.396574628	0.511536632	0.617180314	0.6	0.80
109	C4	P1A5	AC.AT	0.177744248	0.254208336	0.341482922	0.424080013	0.507814644	0.57	0.81
13	B1	P1A5	AC.AT	0.006956394	0.117125458	0.245012664	0.352973257	0.469411946	0.62	0.82
112	C1	P1A5	AC.ET	0.292708589	0.414379156	0.54347464	0.663649429	0.78888586	0.67	0.79
112	C2	P1A5	AC.ET	0.305456321	0.417201645	0.534998851	0.650422337	0.76202689	0.64	0.79
112	C3	P1A5	AC.ET	0.293115402	0.427526628	0.529327648	0.653768278	0.76686331	0.59	0.80
112	C4	P1A5	AC.ET	0.301748456	0.408157892	0.537335145	0.652286438	0.76637411	0.66	0.79
16	B1	P1A5	AC.ET	0.027303169	0.14967683	0.246551183	0.351921176	0.4576523	0.54	0.81
111	C1	P1A5	Control.AT	0.22450756	0.357411573	0.504774627	0.648835117	0.795425188	0.69	0.81
111	C2	P1A5	Control.AT	0.249001953	0.383296896	0.512374576	0.646696723	0.783516744	0.58	0.83
111	C3	P1A5	Control.AT	0.243014435	0.376827461	0.528391055	0.682165454	0.828669159	0.6	0.80
111	C4	P1A5	Control.AT	0.235442386	0.378390206	0.512606058	0.658806289	0.80422933	0.66	0.81
15	B1	P1A5	Control.AT	0.01902056	0.123906017	0.235324311	0.35578229	0.472062999	0.6	0.80
114	C1	P1A5	Control.ET	0.283995372	0.388626625	0.494650307	0.605593202	0.718830734	0.62	0.81
114	C2	P1A5	Control.ET	0.31055583	0.415187083	0.520273991	0.636578854	0.762240104	0.63	0.8
114	C3	P1A5	Control.ET	0.193116389	0.297747642	0.41059081	0.524574281	0.642179988	0.61	0.81
114	C4	P1A5	Control.ET	0.316160536	0.420791789	0.529565463	0.639715762	0.757668579	0.66	0.81
18	B1	P1A5	Control.ET	0.03525936	0.140117952	0.246828175	0.350219026	0.453784373	0.63	0.82
110	C1	P1A5	EC.AT	0.193691673	0.29929	0.40204058	0.503903868	0.611013766	0.61	0.81
110	C2	P1A5	EC.AT	0.193392175	0.290567297	0.405456022	0.512126907	0.61313208	0.45	0.82
110	C3	P1A5	EC.AT	0.191563145	0.270987616	0.349499655	0.434988088	0.51069955	0.4	0.80
110	C4	P1A5	EC.AT	0.192305314	0.34066786	0.491940187	0.647982446	0.80074837	0.39	0.80
14	B1	P1A5	EC.AT	0.012943009	0.139327498	0.248149206	0.351361884	0.464757918	0.6	0.83
113	C1	P1A5	EC.ET	0.331203538	0.450329246	0.552488039	0.64912133	0.7473869	0.62	0.81
113	C2	P1A5	EC.ET	0.331037499	0.445322787	0.54804078	0.662742228	0.770552103	0.65	0.82
113	C3	P1A5	EC.ET	0.329087133	0.453236869	0.555373017	0.665797187	0.771542155	0.56	0.79
113	C4	P1A5	EC.ET	0.328836866	0.423503264	0.533778376	0.647131796	0.759773791	0.61	0.82
17	B1	P1A5	EC.ET	0.032785026	0.153183131	0.243629603	0.351323906	0.453043353	0.68	0.82
97	A1	P1C2	AC.AT	0.100351854	0.260477622	0.406047405	0.548820493	0.693056068	0.65	0.81
97	A2	P1C2	AC.AT	0.099023179	0.106974169	0.103698143	0.107288093	0.104033318	0.66	0.82
97	A3	P1C2	AC.AT	0.101000153	0.238812218	0.381825558	0.509221514	0.638668275	0.64	0.82
97	A4	P1C2	AC.AT	0.10044398	0.234949267	0.373765894	0.508980021	0.640065117	0.67	0.81
37	B3	P1C2	AC.AT	0.101685401	0.173256741	0.259147469	0.338555598	0.421205791	0.62	0.81
100	A1	P1C2	AC.ET	0.107790888	0.102739074	0.104649883	0.101821807	0.101864164	0.7	0.83
100	A2	P1C2	AC.ET	0.108709163	0.099915108	0.102742631	0.106456318	0.106153558	0.65	0.79
100	A3	P1C2	AC.ET	0.108062194	0.111119501	0.105119063	0.102832876	0.1	0.61	0.81
100	A4	P1C2	AC.ET	0.108623567	0.091135631	0.10014572	0.10775942	0.111358363	0.62	0.80
40	B3	P1C2	AC.ET	0.108872989	0.315503171	0.514569632	0.71102626	0.904462125	0.64	0.82
99	A1	P1C2	Control.AT	0.105492215	0.105329536	0.105918888	0.106128125	0.100531507	0.7	0.83
99	A2	P1C2	Control.AT	0.1058677	0.102213395	0.106401067	0.10485823	0.1	0.61	0.81
99	A3	P1C2	Control.AT	0.105627536	0.112214784	0.113362197	0.106294007	0.100234054	0.57	0.79
99	A4	P1C2	Control.AT	0.105975651	0.112629081	0.111068263	0.101794558	0.1	0.57	0.81
39	B3	P1C2	Control.AT	0.106794765	0.188841394	0.261255342	0.337200485	0.421444551	0.59	0.81
102	A1	P1C2	Control.ET	0.115130369	0.257218725	0.38493684	0.507003073	0.63478258	0.66	0.80
102	A2	P1C2	Control.ET	0.115104069	0.10270956	0.105097457	0.108203647	0.103662277	0.67	0.79
102	A3	P1C2	Control.ET	0.115083778	0.103547268	0.111334128	0.102706619	0.105384743	0.65	0.82
102	A4	P1C2	Control.ET	0.114872899	0.249864866	0.374587179	0.510362522	0.639106132	0.6	0.80
42	B3	P1C2	Control.ET	0.113990141	0.190691116	0.263671587	0.336235291	0.410523071	0.57	0.82
98	A1	P1C2	EC.AT	0.103080018	0.242406789	0.394133988	0.542321094	0.686405294	0.56	0.81
98	A2	P1C2	EC.AT	0.103200285	0.097513523	0.104873463	0.110736507	0.114252559	0.53	0.82
98	A3	P1C2	EC.AT	0.102441943	0.095253332	0.103714654	0.109186257	0.1068978	0.54	0.80
98	A4	P1C2	EC.AT	0.102593699	0.088890423	0.098948659	0.108143011	0.113340775	0.56	0.81
38	B3	P1C2	EC.AT	0.103749163	0.184549212	0.258570225	0.337283432	0.413539799	0.55	0.83
101	A1	P1C2	EC.ET	0.112212734	0.280337486	0.467129306	0.649150028	0.828991222	0.61	0.81
101	A2	P1C2	EC.ET	0.112301255	0.102477065	0.107761637	0.104738231	0.1	0.62	0.82
101	A3	P1C2	EC.ET	0.111680537	0.267679417	0.397154135	0.531088068	0.670986986	0.59	0.81
101	A4	P1C2	EC.ET	0.111305432	0.107578624	0.099024803	0.109419814	0.109578149	0.64	0.80
41	B3	P1C2	EC.ET	0.111887194	0.195765405	0.264471987	0.338077288	0.411619407	0.59	0.80
91	B1	P20A2	AC.AT	0.078771232	0.090659065	0.099601468	0.106745801	0.117123882	0.71	0.81
91	B2	P20A2	AC.AT	0.078247883	0.085375327	0.101582104	0.108469899	0.121829355	0.69	0.79
91	B3	P20A2	AC.AT	0.078048246	0.07616306	0.104323546	0.114028545	0.125047311	0.66	0.80
91	B4	P20A2	AC.AT	0.078490618	0.232660431	0.378890833	0.531801144	0.68155006	0.65	0.79
19	B4	P20A2	AC.AT	0.040517215	0.145699364	0.244542415	0.350657602	0.460545907	0.5	0.81
94	B1	P20A2	AC.ET	0.088071023	0.23185477	0.39810213	0.561281175	0.724368403	0.6	0.80
94	B2	P20A2	AC.ET	0.087525729	0.105166371	0.105421627	0.106318234	0.110696174	0.53	0.81
94	B3	P20A2	AC.ET	0.087710503	0.096406678	0.097016186	0.10904567	0.121298997	0.53	0.80
94	B4	P20A2	AC.ET	0.087080211	0.240847601	0.37255463	0.512829833	0.652736806	0.5	0.81
22	B4	P20A2	AC.ET	0.057639642	0.30581747	0.552759866	0.803814329	1.060371212	0.54	0.79
93	B1	P20A2	Control.AT	0.083691512	0.094114218	0.098764355	0.113060875	0.118380407	0.61	0.79
93	B2	P20A2	Control.AT	0.084482146	0.217849229	0.359925656	0.505161721	0.648068386	0.6	0.80
93	B3	P20A2	Control.AT	0.083291061	0.245237277	0.392817155	0.540300474	0.686191304	0.57	0.83
93	B4	P20A2	Control.AT	0.084262708	0.240210288	0.406166057	0.5544952	0.713130972	0.57	0.79
21	B4	P20A2	Control.AT	0.052002134	0.14479891	0.247062157	0.347300256	0.444272078	0.56	0.81
96	B1	P20A2	Control.ET	0.095907963	0.098910115	0.103222555	0.108661052	0.104512814	0.64	0.79
96	B2	P20A2	Control.ET	0.095634298	0.113190013	0.105032847	0.105825078	0.108531579	0.63	0.80
96	B3	P20A2	Control.ET	0.095870872	0.088087513	0.097780557	0.110259258	0.11456365	0.6	0.83
96	B4	P20A2	Control.ET	0.095650532	0.218532092	0.370178356	0.508207119	0.647513248	0.61	0.82
24	B4	P20A2	Control.ET	0.063158968	0.162766108	0.255106323	0.342180016	0.434671109	0.57	0.81
92	B1	P20A2	EC.AT	0.081111488	0.093523208	0.098404917	0.107834302	0.115397777	0.71	0.83
92	B2	P20A2	EC.AT	0.080835951	0.22961544	0.374861585	0.52863691	0.677174504	0.63	0.82
92	B3	P20A2	EC.AT	0.081001683	0.096061241	0.094637351	0.110054189	0.121401141	0.61	0.81
92	B4	P20A2	EC.AT	0.080951302	0.078526404	0.105292579	0.11190994	0.122223669	0.63	0.83
20	B4	P20A2	EC.AT	0.047525221	0.258675981	0.486321758	0.706980499	0.931506279	0.57	0.82
95	B1	P20A2	EC.ET	0.090995467	0.101709747	0.108871061	0.104279705	0.107587378	0.69	0.81
95	B2	P20A2	EC.ET	0.089675908	0.223355005	0.370229598	0.504718377	0.6469437	0.65	0.82
95	B3	P20A2	EC.ET	0.090866055	0.235196061	0.370838956	0.506382148	0.64802586	0.68	0.79
95	B4	P20A2	EC.ET	0.091321024	0.273428171	0.463034366	0.648136544	0.833045	0.66	0.82
23	B4	P20A2	EC.ET	0.059670575	0.168770207	0.248656839	0.348316989	0.439121387	0.61	0.80
97	C1	P20C2	AC.AT	0.101565056	0.101659395	0.10722862	0.10643456	0.107401011	0.69	0.81
97	C2	P20C2	AC.AT	0.101352163	0.10326576	0.105330978	0.108550574	0.110880204	0.63	0.80
97	C3	P20C2	AC.AT	0.101379809	0.242871962	0.371173166	0.506492878	0.642154	0.61	0.83
97	C4	P20C2	AC.AT	0.101537814	0.115252707	0.108144382	0.103845578	0.101062492	0.63	0.82
31	A4	P20C2	AC.AT	0.085341337	0.164665785	0.256676977	0.342309313	0.42691731	0.62	0.81
100	C1	P20C2	AC.ET	0.109498976	0.102290865	0.104838917	0.105751723	0.1	0.67	0.82
100	C2	P20C2	AC.ET	0.109286427	0.099522985	0.106910327	0.101996562	0.102703505	0.58	0.80
100	C3	P20C2	AC.ET	0.108710618	0.109840846	0.105401173	0.105822912	0.104370394	0.56	0.82
100	C4	P20C2	AC.ET	0.109690027	0.121449282	0.113260612	0.103576356	0.1	0.6	0.81
34	A4	P20C2	AC.ET	0.092746112	0.169181833	0.255644408	0.339289064	0.42666424	0.65	0.82
99	C1	P20C2	Control.AT	0.106109554	0.093966251	0.111668219	0.108846074	0.107511112	0.38	0.79
99	C2	P20C2	Control.AT	0.106488244	0.092146987	0.109509525	0.107604143	0.11174637	0.55	0.83
99	C3	P20C2	Control.AT	0.106365518	0.115132553	0.108164838	0.107521471	0.100569219	0.54	0.81
99	C4	P20C2	Control.AT	0.106569349	0.249151216	0.373000973	0.503724517	0.637688794	0.54	0.79
33	A4	P20C2	Control.AT	0.090829876	0.161322341	0.257729979	0.345126652	0.429093806	0.6	0.82
102	C1	P20C2	Control.ET	0.116916157	0.1001144	0.105982574	0.104531204	0.107174035	0.66	0.81
102	C2	P20C2	Control.ET	0.116550634	0.11308313	0.108199645	0.105451647	0.104773715	0.73	0.82
102	C3	P20C2	Control.ET	0.115656445	0.116376144	0.104068389	0.106949898	0.103345851	0.66	0.79
102	C4	P20C2	Control.ET	0.117737089	0.102099808	0.112134694	0.107143436	0.101069519	0.69	0.82
36	A4	P20C2	Control.ET	0.096911196	0.173687785	0.255769742	0.342240568	0.420871464	0.57	0.79
98	C1	P20C2	EC.AT	0.103914431	0.23642816	0.395082015	0.540784128	0.692704557	0.57	0.82
98	C2	P20C2	EC.AT	0.104393359	0.226830399	0.3461705	0.467738994	0.588816888	0.64	0.82
98	C3	P20C2	EC.AT	0.103348092	0.249765578	0.375424466	0.506954532	0.63910806	0.57	0.81
98	C4	P20C2	EC.AT	0.103828358	0.108787087	0.09853647	0.110380799	0.110327981	0.56	0.83
32	A4	P20C2	EC.AT	0.087394744	0.179488118	0.263449909	0.34209489	0.424121176	0.53	0.79
101	C1	P20C2	EC.ET	0.113899674	0.120213253	0.101059361	0.107706427	0.101716251	0.63	0.83
101	C2	P20C2	EC.ET	0.113380613	0.102555002	0.101138856	0.108693419	0.108222701	0.62	0.81
101	C3	P20C2	EC.ET	0.11279042	0.257294495	0.388218934	0.529199451	0.670059625	0.64	0.81
101	C4	P20C2	EC.ET	0.113088758	0.109029645	0.11440685	0.100928441	0.1	0.61	0.82
35	A4	P20C2	EC.ET	0.095333352	0.180516372	0.265375076	0.339687091	0.415641598	0.64	0.83
73	C1	P20C3	AC.AT	0.023862545	0.171205077	0.343688224	0.511349304	0.673410399	0.58	0.80
73	C2	P20C3	AC.AT	0.024244249	0.051254016	0.09090876	0.12117571	0.14650965	0.59	0.81
73	C3	P20C3	AC.AT	0.023775271	0.056913865	0.093397482	0.118716675	0.154889443	0.61	0.81
73	C4	P20C3	AC.AT	0.023622529	0.195635478	0.354829992	0.507018918	0.670809018	0.58	0.81
19	C1	P20C3	AC.AT	0.042755819	0.271752275	0.497872985	0.734724111	0.968952805	0.54	0.81
76	C1	P20C3	AC.ET	0.032244939	0.045318207	0.089054246	0.119678529	0.15459716	0.7	0.81
76	C2	P20C3	AC.ET	0.032448451	0.04934441	0.088849034	0.118055456	0.153153433	0.64	0.82
76	C3	P20C3	AC.ET	0.032406723	0.223607784	0.387892073	0.557365324	0.724031096	0.76	0.83
76	C4	P20C3	AC.ET	0.032327851	0.05729553	0.089401189	0.116240477	0.143407834	0.72	0.82
22	C1	P20C3	AC.ET	0.05806474	0.160592923	0.258610205	0.343307252	0.440856544	0.59	0.80
75	C1	P20C3	Control.AT	0.030698598	0.199775153	0.367328189	0.551977659	0.726260957	0.6	0.81
75	C2	P20C3	Control.AT	0.030785342	0.05617421	0.084712806	0.11627937	0.149778183	0.57	0.83
75	C3	P20C3	Control.AT	0.030482477	0.047269716	0.083536216	0.119336091	0.151045712	0.6	0.81
75	C4	P20C3	Control.AT	0.029998326	0.062031373	0.085925943	0.116395304	0.145436956	0.56	0.81
21	C1	P20C3	Control.AT	0.054044092	0.157107092	0.256194457	0.349645104	0.44605442	0.55	0.81
78	C1	P20C3	Control.ET	0.038791622	0.068820088	0.084149773	0.12108638	0.148530462	0.65	0.81
78	C2	P20C3	Control.ET	0.03870262	0.183477522	0.345808104	0.505664901	0.663216665	0.56	0.81
78	C3	P20C3	Control.ET	0.039037841	0.064086355	0.089343036	0.119479013	0.147693481	0.62	0.82
78	C4	P20C3	Control.ET	0.039074708	0.198576195	0.351087442	0.510571476	0.665661336	0.67	0.81
24	C1	P20C3	Control.ET	0.064222563	0.284915003	0.500510687	0.708023567	0.920609124	0.6	0.81
74	C1	P20C3	EC.AT	0.027691565	0.054310353	0.084117946	0.118341459	0.151083855	0.64	0.81
74	C2	P20C3	EC.AT	0.026983734	0.054805688	0.08785442	0.120568038	0.152545555	0.53	0.82
74	C3	P20C3	EC.AT	0.027259345	0.064404847	0.094906396	0.114885181	0.1428154	0.53	0.82
74	C4	P20C3	EC.AT	0.027159807	0.064359331	0.091736961	0.119544513	0.148836826	0.58	0.80
20	C1	P20C3	EC.AT	0.048058558	0.147833352	0.241793275	0.352048769	0.450356274	0.58	0.81
77	C1	P20C3	EC.ET	0.034666629	0.069106794	0.097745857	0.113907886	0.140911114	0.58	0.81
77	C2	P20C3	EC.ET	0.034488863	0.20437336	0.350557396	0.512659752	0.672169575	0.65	0.79
77	C3	P20C3	EC.ET	0.034793449	0.07330749	0.092602661	0.117348151	0.142655401	0.7	0.80
77	C4	P20C3	EC.ET	0.034590137	0.199511734	0.344952873	0.510296794	0.66547831	0.69	0.81
23	C1	P20C3	EC.ET	0.06014309	0.161822752	0.257969179	0.344380542	0.434832801	0.63	0.80
103	A1	P21A2	AC.AT	0.121265921	0.265750976	0.398223479	0.537004914	0.68218368	0.74	0.81
103	A2	P21A2	AC.AT	0.119563653	0.102366955	0.103508975	0.102572777	0.1	0.62	0.81
103	A3	P21A2	AC.AT	0.119550804	0.256195347	0.389168506	0.51119977	0.638546692	0.69	0.81
103	A4	P21A2	AC.AT	0.118817969	0.29637548	0.493762571	0.676252792	0.865716068	0.66	0.80
43	B3	P21A2	AC.AT	0.115454088	0.356426635	0.589266715	0.825291493	1.065329628	0.55	0.80
106	A1	P21A2	AC.ET	0.145714272	0.276234116	0.392376484	0.508618824	0.62608086	0.67	0.79
106	A2	P21A2	AC.ET	0.144871429	0.241961203	0.336767793	0.421892888	0.508795834	0.6	0.82
106	A3	P21A2	AC.ET	0.146705396	0.266542705	0.39530802	0.534162034	0.663758872	0.53	0.81
106	A4	P21A2	AC.ET	0.145270337	0.275898427	0.392041818	0.504523902	0.622638696	0.6	0.81
46	B3	P21A2	AC.ET	0.125389965	0.198817927	0.265327084	0.336648514	0.400784803	0.62	0.82
105	A1	P21A2	Control.AT	0.137006173	0.245876089	0.338316642	0.454517464	0.560534728	0.72	0.81
105	A2	P21A2	Control.AT	0.135178939	0.265592008	0.393681241	0.508076648	0.632041686	0.64	0.82
105	A3	P21A2	Control.AT	0.135344833	0.261242892	0.382874756	0.511332725	0.63648636	0.69	0.81
105	A4	P21A2	Control.AT	0.134294576	0.260828241	0.386713061	0.511374644	0.634376632	0.62	0.80
45	B3	P21A2	Control.AT	0.121436841	0.196137416	0.262210378	0.335481459	0.405810556	0.57	0.82
108	A1	P21A2	Control.ET	0.17333264	0.274830982	0.392469456	0.508189732	0.621999055	0.72	0.83
108	A2	P21A2	Control.ET	0.171632503	0.277686091	0.394713035	0.506045238	0.622485724	0.72	0.82
108	A3	P21A2	Control.ET	0.169913671	0.349222301	0.524674075	0.716599305	0.900344312	0.69	0.83
108	A4	P21A2	Control.ET	0.170143734	0.281637437	0.396337303	0.509966267	0.623649665	0.69	0.80
48	B3	P21A2	Control.ET	0.136056683	0.322403579	0.515208907	0.702379179	0.892255922	0.52	0.82
104	A1	P21A2	EC.AT	0.128286803	0.265927905	0.380036766	0.507954506	0.628869802	0.64	0.80
104	A2	P21A2	EC.AT	0.127997464	0.262896456	0.399381627	0.542463056	0.683322302	0.58	0.81
104	A3	P21A2	EC.AT	0.128068809	0.260736801	0.395243685	0.537994514	0.67512999	0.61	0.83
104	A4	P21A2	EC.AT	0.128050899	0.109214354	0.105073628	0.105958859	0.1	0.65	0.81
44	B3	P21A2	EC.AT	0.118564705	0.318227496	0.51362944	0.706787362	0.902856554	0.53	0.81
107	A1	P21A2	EC.ET	0.159862293	0.291159653	0.389797269	0.506798727	0.620117215	0.7	0.82
107	A2	P21A2	EC.ET	0.155510391	0.317249474	0.510277428	0.692979482	0.875207859	0.7	0.82
107	A3	P21A2	EC.ET	0.154786917	0.269667314	0.386115464	0.503416253	0.621353132	0.68	0.82
107	A4	P21A2	EC.ET	0.157491851	0.285439945	0.397246631	0.508793073	0.622263095	0.66	0.80
47	B3	P21A2	EC.ET	0.129594801	0.196064311	0.271561974	0.33404237	0.405413307	0.55	0.83
109	A1	P21B2	AC.AT	0.181944182	0.283976952	0.395727856	0.509755439	0.620499028	0.67	0.83
109	A2	P21B2	AC.AT	0.184407845	0.378903839	0.551471527	0.737755776	0.91793356	0.61	0.80
109	A3	P21B2	AC.AT	0.181576142	0.285285588	0.399676172	0.509243852	0.618795772	0.57	0.80
109	A4	P21B2	AC.AT	0.181676924	0.326548011	0.494851042	0.651345295	0.80843725	0.63	0.81
7	A2	P21B2	AC.AT	0.039870033	0.16749929	0.321382831	0.466211293	0.613351851	0.62	0.83
112	A1	P21B2	AC.ET	0.316382089	0.427913874	0.549246048	0.662731702	0.779664616	0.66	0.79
112	A2	P21B2	AC.ET	0.316858736	0.43686969	0.541941472	0.649956167	0.755133179	0.61	0.79
112	A3	P21B2	AC.ET	0.308163261	0.415111478	0.542853612	0.655914646	0.767875508	0.62	0.82
112	A4	P21B2	AC.ET	0.3143172	0.399396268	0.510439617	0.6147783	0.721291347	0.66	0.82
10	A2	P21B2	AC.ET	0.175312479	0.294689234	0.427536341	0.557954404	0.689773697	0.65	0.82
111	A1	P21B2	Control.AT	0.255248538	0.388580385	0.519572787	0.651988239	0.782572036	0.65	0.82
111	A2	P21B2	Control.AT	0.24970972	0.381993233	0.516371802	0.644531114	0.784146136	0.65	0.80
111	A3	P21B2	Control.AT	0.26199413	0.420841823	0.561694466	0.706398157	0.847230685	0.64	0.80
111	A4	P21B2	Control.AT	0.253363947	0.403811358	0.531432824	0.677717055	0.811345984	0.68	0.82
9	A2	P21B2	Control.AT	0.16747937	0.302537393	0.432568377	0.565845153	0.699452344	0.61	0.80
114	A1	P21B2	Control.ET	0.378960853	0.439443892	0.506578846	0.573564828	0.634745836	0.58	0.80
114	A2	P21B2	Control.ET	0.380839486	0.465656677	0.566079105	0.652432963	0.74535966	0.56	0.82
114	A3	P21B2	Control.ET	0.376789605	0.459876641	0.557138442	0.649136523	0.737723131	0.51	0.82
114	A4	P21B2	Control.ET	0.3921101	0.481841009	0.589885144	0.661041822	0.758471251	0.51	0.82
12	A2	P21B2	Control.ET	0.002142299	0.124762889	0.24324	0.357602414	0.470574556	0.63	0.81
110	A1	P21B2	EC.AT	0.214791758	0.359557727	0.510799643	0.643985371	0.790662006	0.62	0.80
110	A2	P21B2	EC.AT	0.21359834	0.295609088	0.412152275	0.5074536	0.60753472	0.54	0.83
110	A3	P21B2	EC.AT	0.19757667	0.288835534	0.398857422	0.513978231	0.622944826	0.62	0.80
110	A4	P21B2	EC.AT	0.203156888	0.374894719	0.529178129	0.686151566	0.846025118	0.63	0.79
8	A2	P21B2	EC.AT	0.058188061	0.187227678	0.324209543	0.468697686	0.606087076	0.69	0.79
113	A1	P21B2	EC.ET	0.348317243	0.448138135	0.558983994	0.652802346	0.747165289	0.67	0.82
113	A2	P21B2	EC.ET	0.348210348	0.450447314	0.545103408	0.647313318	0.752779656	0.63	0.79
113	A3	P21B2	EC.ET	0.339655784	0.451371242	0.546333988	0.649595334	0.756620654	0.57	0.81
113	A4	P21B2	EC.ET	0.337363191	0.436117022	0.543188811	0.647177786	0.754482622	0.58	0.80
11	A2	P21B2	EC.ET	0.189254073	0.45615095	0.707478632	0.961884203	1.22020875	0.67	0.80
109	B1	P22D5	AC.AT	0.184637012	0.292550546	0.406027161	0.512126558	0.619584036	0.53	0.80
109	B2	P22D5	AC.AT	0.186368515	0.34148626	0.494757586	0.651548679	0.80527387	0.54	0.83
109	B3	P22D5	AC.AT	0.186387584	0.30022751	0.399567335	0.51829526	0.628056615	0.55	0.83
109	B4	P22D5	AC.AT	0.18901104	0.297338266	0.401857942	0.509849289	0.617272429	0.54	0.80
1	A4	P22D5	AC.AT	0.033679181	0.055462947	0.094839722	0.115210753	0.144927678	0.67	0.82
112	B1	P22D5	AC.ET	0.319753218	0.412461174	0.532351307	0.648960092	0.758495021	0.6	0.80
112	B2	P22D5	AC.ET	0.326624736	0.426229619	0.534173019	0.648098764	0.758458831	0.58	0.80
112	B3	P22D5	AC.ET	0.323970333	0.439787822	0.542772457	0.648949869	0.75487845	0.55	0.79
112	B4	P22D5	AC.ET	0.32452013	0.442531858	0.54153975	0.64467355	0.753175914	0.59	0.82
4	A4	P22D5	AC.ET	0.009383326	0.166237475	0.313160447	0.471620294	0.622973131	0.59	0.80
111	B1	P22D5	Control.AT	0.291910388	0.422406702	0.549568694	0.671595886	0.803875178	0.7	0.80
111	B2	P22D5	Control.AT	0.288368521	0.356713242	0.402042936	0.462505685	0.51863622	0.64	0.83
111	B3	P22D5	Control.AT	0.278879269	0.406801334	0.528732024	0.644357132	0.766247204	0.65	0.83
111	B4	P22D5	Control.AT	0.285526097	0.411309726	0.544957651	0.661665841	0.788841	0.64	0.80
3	A4	P22D5	Control.AT	0.015733649	0.090499378	0.173572601	0.256493797	0.340274338	0.63	0.80
114	B1	P22D5	Control.ET	0.2061359	0.35203908	0.506731305	0.663608885	0.822580947	0.62	0.79
114	B2	P22D5	Control.ET	0.194100543	0.340003723	0.494791797	0.657579394	0.822057224	0.61	0.75
114	B3	P22D5	Control.ET	0.242395775	0.388298955	0.54442668	0.707691509	0.880134781	0.64	0.78
114	B4	P22D5	Control.ET	0.24117565	0.38707883	0.539876059	0.704016228	0.879425336	0.62	0.79
6	A4	P22D5	Control.ET	0.033688754	0.17092352	0.327203539	0.466658664	0.617301473	0.64	0.80
110	B1	P22D5	EC.AT	0.223448592	0.379152621	0.516698854	0.667309782	0.813513155	0.58	0.81
110	B2	P22D5	EC.AT	0.22317717	0.296597327	0.399670346	0.49225313	0.587254552	0.59	0.81
110	B3	P22D5	EC.AT	0.219269381	0.361595644	0.509488228	0.642813133	0.78625489	0.54	0.79
110	B4	P22D5	EC.AT	0.222614322	0.345915781	0.494347169	0.645378792	0.791597164	0.56	0.80
2	A4	P22D5	EC.AT	0.093794699	0.189482764	0.275370094	0.35445358	0.435800871	0.66	0.80
113	B1	P22D5	EC.ET	0.357193607	0.442726234	0.54641839	0.649964313	0.7499312	0.58	0.79
113	B2	P22D5	EC.ET	0.360161913	0.466858572	0.560963807	0.649883822	0.747114556	0.6	0.82
113	B3	P22D5	EC.ET	0.35254657	0.447477809	0.54413836	0.648890368	0.753262888	0.55	0.81
113	B4	P22D5	EC.ET	0.35687585	0.444690806	0.545691321	0.651814063	0.748949085	0.56	0.80
5	A4	P22D5	EC.ET	0.022548149	0.165419262	0.325981835	0.473113615	0.618765571	0.66	0.82
79	A1	P24A2	AC.AT	0.042434783	0.057870428	0.090512283	0.119818656	0.144487498	0.61	0.81
79	A2	P24A2	AC.AT	0.042940709	0.19241641	0.364165253	0.524998987	0.683758012	0.59	0.79
79	A3	P24A2	AC.AT	0.042300835	0.201987795	0.369545707	0.53090206	0.689706483	0.56	0.81
79	A4	P24A2	AC.AT	0.042141734	0.066094822	0.093196437	0.115744743	0.148394566	0.64	0.83
37	A2	P24A2	AC.AT	0.099651154	0.181860155	0.261548631	0.339093037	0.424891011	0.6	0.80
82	A1	P24A2	AC.ET	0.048574535	0.188354933	0.35141973	0.510751883	0.669404191	0.67	0.82
82	A2	P24A2	AC.ET	0.048722721	0.062153856	0.096629638	0.118419995	0.144620312	0.69	0.81
82	A3	P24A2	AC.ET	0.048644635	0.080248272	0.100421558	0.11268007	0.136382247	0.61	0.81
82	A4	P24A2	AC.ET	0.048776586	0.071806386	0.099993726	0.113968713	0.13343622	0.54	0.82
40	A2	P24A2	AC.ET	0.108291484	0.199222909	0.269847203	0.335771271	0.410652218	0.64	0.79
81	A1	P24A2	Control.AT	0.046876639	0.080928615	0.093120681	0.111788573	0.132473028	0.66	0.83
81	A2	P24A2	Control.AT	0.04660437	0.201980234	0.358462517	0.527561479	0.694759953	0.57	0.83
81	A3	P24A2	Control.AT	0.046539539	0.21036976	0.362728393	0.533344697	0.691752837	0.56	0.82
81	A4	P24A2	Control.AT	0.046704999	0.073964739	0.089986344	0.117694661	0.142245737	0.6	0.83
39	A2	P24A2	Control.AT	0.104293268	0.377323283	0.626604244	0.880139938	1.13390133	0.65	0.80
84	A1	P24A2	Control.ET	0.056264008	0.194018689	0.351951249	0.506269455	0.66258366	0.56	0.81
84	A2	P24A2	Control.ET	0.055819448	0.203279094	0.365313924	0.530765754	0.69613216	0.57	0.81
84	A3	P24A2	Control.ET	0.056004977	0.066542789	0.091872335	0.116053611	0.13871661	0.63	0.79
84	A4	P24A2	Control.ET	0.055922001	0.228620548	0.39840417	0.558188684	0.719070027	0.57	0.79
42	A2	P24A2	Control.ET	0.112504675	0.177905992	0.253761772	0.341737748	0.420177457	0.64	0.79
80	A1	P24A2	EC.AT	0.045129076	0.195743318	0.353781418	0.506123315	0.65955531	0.66	0.81
80	A2	P24A2	EC.AT	0.045490701	0.072345279	0.101509058	0.113568999	0.133706974	0.67	0.79
80	A3	P24A2	EC.AT	0.045480543	0.070036884	0.086291026	0.118531131	0.143548593	0.62	0.82
80	A4	P24A2	EC.AT	0.045501564	0.223297874	0.395779877	0.560366325	0.729961132	0.66	0.82
38	A2	P24A2	EC.AT	0.102516216	0.190255957	0.25829311	0.336333753	0.418226013	0.58	0.82
83	A1	P24A2	EC.ET	0.051811163	0.208682148	0.35068508	0.509527764	0.66399959	0.68	0.80
83	A2	P24A2	EC.ET	0.050932665	0.072343066	0.091943934	0.116205418	0.133013196	0.65	0.81
83	A3	P24A2	EC.ET	0.052004577	0.230903335	0.388318743	0.545746133	0.709878125	0.69	0.80
83	A4	P24A2	EC.ET	0.051806302	0.064322602	0.09100868	0.120660719	0.143494499	0.68	0.82
41	A2	P24A2	EC.ET	0.110442864	0.175613498	0.255848955	0.338629252	0.417099335	0.62	0.81
85	B1	P24A4	AC.AT	0.05840207	0.078476198	0.099363562	0.110254992	0.128579722	0.57	0.82
85	B2	P24A4	AC.AT	0.05840549	0.085412579	0.095146899	0.111064666	0.13198695	0.62	0.79
85	B3	P24A4	AC.AT	0.058284969	0.082055594	0.094994351	0.117816626	0.13502355	0.5	0.82
85	B4	P24A4	AC.AT	0.058715904	0.307673299	0.541881143	0.7860382	1.026514525	0.58	0.80
37	A1	P24A4	AC.AT	0.09991975	0.188838927	0.262137337	0.340628802	0.417272538	0.61	0.80
88	B1	P24A4	AC.ET	0.067743107	0.087988532	0.098011814	0.115763996	0.12764707	0.68	0.82
88	B2	P24A4	AC.ET	0.067460254	0.227576724	0.370045072	0.518148875	0.665601449	0.64	0.83
88	B3	P24A4	AC.ET	0.067898086	0.270359784	0.460044462	0.646536946	0.839919574	0.6	0.81
88	B4	P24A4	AC.ET	0.067193314	0.083303678	0.098248831	0.115931568	0.129965719	0.61	0.80
40	A1	P24A4	AC.ET	0.108295217	0.182674014	0.258703668	0.338358667	0.42090326	0.7	0.82
87	B1	P24A4	Control.AT	0.064304367	0.214248458	0.372523945	0.520862368	0.669036272	0.5	0.79
87	B2	P24A4	Control.AT	0.063944787	0.200736348	0.357676663	0.510412634	0.658907908	0.52	0.80
87	B3	P24A4	Control.AT	0.064559407	0.082111384	0.09755829	0.110456896	0.126418371	0.59	0.81
87	B4	P24A4	Control.AT	0.064542226	0.078430767	0.092698952	0.110752037	0.123718339	0.65	0.81
39	A1	P24A4	Control.AT	0.104413157	0.188993087	0.262117609	0.338033159	0.413687677	0.66	0.81
90	B1	P24A4	Control.ET	0.075962606	0.096822494	0.098059785	0.10950194	0.122639724	0.61	0.81
90	B2	P24A4	Control.ET	0.075766495	0.097416222	0.093760723	0.111605289	0.122388453	0.59	0.81
90	B3	P24A4	Control.ET	0.075903819	0.238525808	0.395697214	0.552784711	0.710930325	0.6	0.79
90	B4	P24A4	Control.ET	0.076049342	0.088038877	0.099235079	0.116298611	0.129865447	0.57	0.82
42	A1	P24A4	Control.ET	0.112530417	0.335085481	0.568063849	0.795708144	1.019997832	0.65	0.79
86	B1	P24A4	EC.AT	0.061402693	0.219425269	0.365899514	0.52713012	0.682306085	0.57	0.81
86	B2	P24A4	EC.AT	0.061570833	0.208935431	0.367711689	0.510555821	0.657830884	0.61	0.80
86	B3	P24A4	EC.AT	0.061810029	0.06520888	0.087480572	0.113132697	0.135941231	0.59	0.82
86	B4	P24A4	EC.AT	0.062202807	0.081917197	0.099244236	0.111374363	0.135455845	0.66	0.82
38	A1	P24A4	EC.AT	0.102759025	0.164423414	0.2584647	0.343889468	0.425867361	0.57	0.81
89	B1	P24A4	EC.ET	0.071806178	0.241713993	0.383621127	0.536812757	0.68818602	0.6	0.80
89	B2	P24A4	EC.ET	0.071391305	0.19317592	0.325149661	0.447692534	0.5660448	0.62	0.81
89	B3	P24A4	EC.ET	0.071732129	0.080758795	0.093864696	0.113743184	0.126715262	0.63	0.80
89	B4	P24A4	EC.ET	0.07121952	0.086061811	0.098843865	0.112238899	0.117870926	0.65	0.80
41	A1	P24A4	EC.ET	0.110804667	0.18863611	0.256470146	0.339882565	0.419379617	0.67	0.82
85	A1	P24A5	AC.AT	0.059724142	0.079736174	0.090860333	0.114705259	0.128612509	0.62	0.79
85	A2	P24A5	AC.AT	0.05981651	0.082725298	0.090139009	0.11691949	0.133363869	0.57	0.80
85	A3	P24A5	AC.AT	0.059838687	0.083182153	0.096833123	0.113725246	0.126169763	0.56	0.80
85	A4	P24A5	AC.AT	0.059680893	0.074471292	0.100203114	0.114245818	0.128465095	0.6	0.81
37	C2	P24A5	AC.AT	0.100072421	0.179923387	0.255688885	0.342799197	0.418540842	0.48	0.81
88	A1	P24A5	AC.ET	0.069565896	0.218586852	0.384626697	0.532130534	0.685543794	0.74	0.82
88	A2	P24A5	AC.ET	0.06822487	0.212348606	0.356508425	0.50676059	0.655871611	0.66	0.82
88	A3	P24A5	AC.ET	0.069718666	0.082836606	0.09505891	0.107862235	0.11906172	0.64	0.80
88	A4	P24A5	AC.ET	0.06838377	0.217343843	0.375006327	0.531207993	0.68249466	0.66	0.81
40	C2	P24A5	AC.ET	0.108316954	0.326331457	0.510135929	0.706708342	0.905970403	0.64	0.80
87	A1	P24A5	Control.AT	0.064773892	0.225906529	0.365371016	0.524751029	0.678974245	0.62	0.80
87	A2	P24A5	Control.AT	0.064914708	0.064781022	0.094335167	0.113637398	0.134892659	0.63	0.81
87	A3	P24A5	Control.AT	0.065167674	0.236200634	0.405080519	0.567184256	0.732675258	0.53	0.82
87	A4	P24A5	Control.AT	0.06557797	0.272122143	0.460445706	0.646796849	0.83886605	0.56	0.82
39	C2	P24A5	Control.AT	0.104732742	0.181785863	0.265016608	0.340418806	0.413027472	0.61	0.83
90	A1	P24A5	Control.ET	0.077284861	0.248075065	0.406687219	0.556836138	0.715068198	0.59	0.80
90	A2	P24A5	Control.ET	0.076334832	0.084607815	0.103258714	0.111952762	0.127657334	0.68	0.80
90	A3	P24A5	Control.ET	0.076255534	0.09012129	0.093647499	0.112628194	0.123473769	0.63	0.83
90	A4	P24A5	Control.ET	0.076279067	0.086056005	0.093918581	0.114493651	0.127120002	0.62	0.81
42	C2	P24A5	Control.ET	0.112871946	0.194089213	0.269508684	0.335664165	0.407291469	0.56	0.81
86	A1	P24A5	EC.AT	0.06256953	0.220428923	0.380484039	0.540169162	0.702488968	0.68	0.80
86	A2	P24A5	EC.AT	0.062635764	0.077248916	0.101494082	0.115347845	0.127320185	0.58	0.81
86	A3	P24A5	EC.AT	0.062824038	0.08634174	0.102353472	0.113042045	0.123729708	0.6	0.81
86	A4	P24A5	EC.AT	0.062630474	0.068681022	0.091337167	0.116539002	0.131287721	0.64	0.81
38	C2	P24A5	EC.AT	0.102764401	0.173929702	0.263368344	0.339174524	0.426018766	0.52	0.82
89	A1	P24A5	EC.ET	0.072364993	0.091638034	0.098865269	0.11058078	0.12416843	0.69	0.81
89	A2	P24A5	EC.ET	0.07292273	0.232872939	0.381943673	0.53173938	0.686902821	0.67	0.81
89	A3	P24A5	EC.ET	0.072338432	0.092471019	0.102357575	0.110888013	0.124928382	0.67	0.82
89	A4	P24A5	EC.ET	0.073995925	0.096565613	0.103235599	0.11148841	0.123406297	0.64	0.83
41	C2	P24A5	EC.ET	0.110816514	0.190155412	0.25949146	0.341166821	0.418141072	0.64	0.82
85	C1	P25A4	AC.AT	0.060216642	0.219020491	0.369708157	0.524415672	0.679405542	0.58	0.80
85	C2	P25A4	AC.AT	0.060689051	0.214085162	0.396113023	0.561789376	0.728163954	0.55	0.81
85	C3	P25A4	AC.AT	0.060520834	0.083580439	0.097532101	0.114440367	0.131089101	0.6	0.82
85	C4	P25A4	AC.AT	0.060926403	0.080992183	0.100135998	0.114882894	0.125881224	0.65	0.81
31	B4	P25A4	AC.AT	0.085506557	0.165487923	0.255859404	0.348215363	0.436069536	0.54	0.79
88	C1	P25A4	AC.ET	0.070643245	0.081493427	0.100453131	0.10925431	0.125606749	0.69	0.83
88	C2	P25A4	AC.ET	0.070537548	0.235968946	0.3872535	0.550548055	0.709541824	0.62	0.82
88	C3	P25A4	AC.ET	0.069840547	0.090610448	0.094421367	0.109967701	0.125125146	0.63	0.81
88	C4	P25A4	AC.ET	0.070678764	0.233411956	0.38721514	0.539054335	0.691389112	0.66	0.80
34	B4	P25A4	AC.ET	0.093120289	0.189598306	0.255924559	0.341475969	0.419450219	0.64	0.81
87	C1	P25A4	Control.AT	0.065993131	0.178120318	0.319106723	0.454074374	0.584399632	0.59	0.82
87	C2	P25A4	Control.AT	0.065631021	0.225688408	0.367230547	0.513030524	0.660465289	0.65	0.79
87	C3	P25A4	Control.AT	0.066029349	0.081843645	0.099138818	0.115989927	0.134516765	0.56	0.81
87	C4	P25A4	Control.AT	0.066867497	0.220660554	0.4013081	0.570077687	0.739728884	0.58	0.80
33	B4	P25A4	Control.AT	0.091101237	0.166170842	0.256338883	0.343208499	0.427150679	0.57	0.82
90	C1	P25A4	Control.ET	0.077609064	0.229662562	0.380620083	0.515160814	0.66138964	0.64	0.79
90	C2	P25A4	Control.ET	0.077631244	0.094452499	0.095997443	0.109719906	0.1184388	0.61	0.83
90	C3	P25A4	Control.ET	0.077693675	0.085709245	0.09926314	0.114075683	0.121838769	0.63	0.81
90	C4	P25A4	Control.ET	0.077936872	0.226908949	0.385026803	0.537233024	0.695770708	0.7	0.80
36	B4	P25A4	Control.ET	0.0970949	0.172501347	0.252419374	0.341219344	0.429581315	0.59	0.80
86	C1	P25A4	EC.AT	0.063571662	0.080689411	0.096709933	0.112112554	0.132362017	0.66	0.82
86	C2	P25A4	EC.AT	0.063402584	0.07052514	0.091960407	0.11668668	0.136517601	0.6	0.82
86	C3	P25A4	EC.AT	0.063556872	0.274762975	0.465396811	0.654286917	0.849049384	0.59	0.81
86	C4	P25A4	EC.AT	0.063483851	0.223499833	0.396513137	0.558002573	0.721591714	0.64	0.81
32	B4	P25A4	EC.AT	0.08808512	0.173338402	0.25031119	0.343356208	0.432033111	0.49	0.82
89	C1	P25A4	EC.ET	0.075361882	0.087437865	0.090084889	0.112599753	0.129643911	0.71	0.80
89	C2	P25A4	EC.ET	0.07423616	0.228404599	0.366499047	0.504467552	0.648912878	0.61	0.82
89	C3	P25A4	EC.ET	0.07531394	0.080358725	0.096495439	0.114069186	0.129121819	0.7	0.80
89	C4	P25A4	EC.ET	0.075495373	0.084728252	0.100084791	0.112610463	0.124547552	0.62	0.82
35	B4	P25A4	EC.ET	0.095677709	0.184096806	0.262675383	0.343062348	0.421054482	0.6	0.82
91	C1	P4B4	AC.AT	0.079715762	0.103396439	0.101120584	0.108120602	0.112861153	0.66	0.80
91	C2	P4B4	AC.AT	0.079367734	0.227529313	0.36191038	0.506249911	0.648420976	0.67	0.80
91	C3	P4B4	AC.AT	0.079755815	0.090890899	0.092784422	0.110516798	0.124004844	0.67	0.81
91	C4	P4B4	AC.AT	0.079929926	0.085242308	0.096472707	0.113049224	0.126232019	0.64	0.80
94	C1	P4B4	AC.ET	0.088746986	0.093638836	0.097514878	0.113863539	0.121902187	0.6	0.83
94	C2	P4B4	AC.ET	0.089077771	0.235374068	0.392193722	0.533699629	0.681394724	0.57	0.80
94	C3	P4B4	AC.ET	0.088678852	0.110701498	0.101628218	0.107349481	0.109227214	0.58	0.81
94	C4	P4B4	AC.ET	0.088456211	0.096347397	0.104687071	0.10480514	0.111653827	0.57	0.81
93	C1	P4B4	Control.AT	0.086435399	0.234703218	0.386055602	0.549887318	0.70445188	0.67	0.82
93	C2	P4B4	Control.AT	0.086396026	0.091413665	0.103753485	0.11045287	0.11720703	0.65	0.83
93	C3	P4B4	Control.AT	0.085044924	0.241601227	0.372665018	0.506003072	0.641894451	0.66	0.82
93	C4	P4B4	Control.AT	0.085766262	0.091314872	0.094466919	0.107394924	0.119647104	0.6	0.80
96	C1	P4B4	Control.ET	0.096616201	0.09765234	0.098278703	0.108748749	0.113092663	0.68	0.83
96	C2	P4B4	Control.ET	0.097789643	0.096397377	0.103084433	0.109254472	0.113760307	0.67	0.82
96	C3	P4B4	Control.ET	0.096295107	0.107287486	0.108741341	0.105368741	0.111054772	0.61	0.82
96	C4	P4B4	Control.ET	0.098088517	0.084181854	0.101288952	0.111802735	0.11638625	0.64	0.82
92	C1	P4B4	EC.AT	0.08245533	0.093705049	0.092349611	0.112199307	0.123460338	0.63	0.82
92	C2	P4B4	EC.AT	0.081196052	0.102919261	0.108584458	0.108777255	0.115630767	0.65	0.81
92	C3	P4B4	EC.AT	0.08160729	0.217128733	0.365977443	0.508304223	0.653085688	0.63	0.81
92	C4	P4B4	EC.AT	0.082594029	0.095273056	0.104333687	0.111978377	0.123399858	0.63	0.80
95	C1	P4B4	EC.ET	0.092299411	0.223692284	0.375032464	0.516968143	0.661294564	0.74	0.81
95	C2	P4B4	EC.ET	0.093612329	0.089312495	0.105880752	0.112496658	0.118869005	0.63	0.81
95	C3	P4B4	EC.ET	0.09378821	0.097117402	0.10367254	0.109119038	0.108504739	0.64	0.82
95	C4	P4B4	EC.ET	0.092852962	0.088647951	0.100711882	0.108469133	0.119332593	0.68	0.80
73	B1	P7A5	AC.AT	0.025007588	0.066734958	0.085168488	0.120866354	0.146847294	0.72	0.82
73	B2	P7A5	AC.AT	0.024916696	0.061436214	0.081844607	0.120547278	0.150733678	0.73	0.83
73	B3	P7A5	AC.AT	0.024937066	0.22793076	0.446414439	0.646680204	0.855984496	0.68	0.81
73	B4	P7A5	AC.AT	0.024978809	0.067060228	0.094651246	0.1172299	0.148970161	0.62	0.82
55	C3	P7A5	AC.AT	0.165249316	0.213300961	0.268439354	0.330587347	0.385466613	0.57	0.81
76	B1	P7A5	AC.ET	0.0333634	0.067591419	0.084353536	0.115391741	0.14572517	0.6	0.81
76	B2	P7A5	AC.ET	0.032848869	0.211715116	0.377175287	0.551842069	0.7245086	0.61	0.79
76	B3	P7A5	AC.ET	0.03256346	0.055519174	0.087834182	0.11758174	0.150824009	0.61	0.80
76	B4	P7A5	AC.ET	0.03357441	0.187772227	0.339675645	0.508809196	0.668239178	0.61	0.80
58	C3	P7A5	AC.ET	0.177069799	0.239894105	0.275440807	0.327887287	0.371462976	0.63	0.80
75	B1	P7A5	Control.AT	0.031689132	0.236053858	0.459174413	0.678566109	0.896779185	0.55	0.83
75	B2	P7A5	Control.AT	0.031772595	0.189453586	0.351110533	0.506870549	0.668182479	0.63	0.82
75	B3	P7A5	Control.AT	0.03116313	0.180228617	0.342945303	0.505535433	0.668785432	0.58	0.81
75	B4	P7A5	Control.AT	0.031101475	0.066975769	0.088839707	0.118217037	0.146222897	0.61	0.81
57	C3	P7A5	Control.AT	0.173644416	0.224919259	0.274081551	0.332638008	0.383850608	0.54	0.83
78	B1	P7A5	Control.ET	0.039734971	0.074887882	0.08693342	0.118621034	0.140087129	0.58	0.82
78	B2	P7A5	Control.ET	0.039933148	0.066036645	0.091420464	0.119753817	0.14703318	0.48	0.83
78	B3	P7A5	Control.ET	0.039771056	0.062708161	0.091438599	0.114484767	0.136445991	0.57	0.82
78	B4	P7A5	Control.ET	0.039483878	0.203082401	0.350725142	0.507848911	0.662394902	0.63	0.82
60	C3	P7A5	Control.ET	0.183354308	0.236418696	0.281319565	0.323505256	0.367284524	0.63	0.80
74	B1	P7A5	EC.AT	0.028623096	0.058254001	0.081055554	0.118449828	0.153947082	0.62	0.82
74	B2	P7A5	EC.AT	0.028986444	0.205925953	0.380158332	0.557353592	0.73331415	0.6	0.79
74	B3	P7A5	EC.AT	0.02796606	0.059490037	0.092642847	0.118118417	0.155995179	0.63	0.81
74	B4	P7A5	EC.AT	0.028278784	0.187444692	0.346943918	0.507088687	0.66729432	0.57	0.82
56	C3	P7A5	EC.AT	0.168678939	0.223314512	0.279658563	0.327903931	0.388513383	0.66	0.81
77	B1	P7A5	EC.ET	0.035608883	0.198751611	0.369979791	0.531589074	0.688440704	0.63	0.81
77	B2	P7A5	EC.ET	0.035174004	0.203658726	0.365791989	0.522359826	0.677858364	0.59	0.81
77	B3	P7A5	EC.ET	0.035426708	0.196594039	0.339103437	0.505487572	0.664084762	0.68	0.82
77	B4	P7A5	EC.ET	0.037232879	0.076932013	0.099142873	0.116527837	0.139984295	0.61	0.79
59	C3	P7A5	EC.ET	0.180057668	0.239445165	0.27611961	0.323771629	0.374297825	0.62	0.80
91	A1	P7B1	AC.AT	0.080766639	0.081385084	0.102918212	0.110964754	0.122746618	0.63	0.82
91	A2	P7B1	AC.AT	0.080340885	0.085743941	0.102110357	0.113657212	0.123961621	0.66	0.82
91	A3	P7B1	AC.AT	0.080124616	0.206893552	0.35864857	0.509637541	0.651220132	0.65	0.81
91	A4	P7B1	AC.AT	0.080331515	0.234276376	0.387855862	0.532890038	0.678141273	0.64	0.81
25	C3	P7B1	AC.AT	0.068488273	0.155577653	0.257167323	0.346628379	0.437304707	0.59	0.79
94	A1	P7B1	AC.ET	0.089591317	0.093529209	0.099099135	0.111844854	0.120579159	0.64	0.81
94	A2	P7B1	AC.ET	0.089468559	0.111222445	0.108650995	0.1071797	0.108179683	0.65	0.80
94	A3	P7B1	AC.ET	0.089424948	0.259619548	0.394676431	0.544387041	0.696651362	0.63	0.81
94	A4	P7B1	AC.ET	0.089385271	0.080803079	0.102598656	0.112553507	0.119480626	0.58	0.83
28	C3	P7B1	AC.ET	0.077373645	0.168545205	0.257789534	0.340414588	0.42560604	0.62	0.80
93	A1	P7B1	Control.AT	0.086856272	0.241991243	0.389375199	0.526907081	0.67002617	0.57	0.82
93	A2	P7B1	Control.AT	0.086906489	0.217241223	0.360338284	0.50701372	0.651825896	0.54	0.81
93	A3	P7B1	Control.AT	0.086756093	0.083376071	0.104286331	0.112067996	0.118707734	0.56	0.81
93	A4	P7B1	Control.AT	0.086728161	0.226972186	0.365149214	0.510362534	0.655559164	0.56	0.82
27	C3	P7B1	Control.AT	0.073673703	0.173412064	0.256479054	0.346839873	0.434626745	0.53	0.82
96	A1	P7B1	Control.ET	0.098980976	0.105687503	0.104537429	0.104882092	0.111932469	0.66	0.81
96	A2	P7B1	Control.ET	0.098833551	0.247971072	0.377832353	0.513503402	0.644148951	0.64	0.82
96	A3	P7B1	Control.ET	0.098520318	0.098466438	0.098252634	0.106450826	0.109987463	0.57	0.82
96	A4	P7B1	Control.ET	0.098293202	0.103190285	0.103678009	0.10432548	0.108386791	0.6	0.81
30	C3	P7B1	Control.ET	0.083854786	0.301881682	0.510119169	0.732891807	0.952987212	0.61	0.81
92	A1	P7B1	EC.AT	0.082807886	0.22909928	0.368991959	0.508684065	0.653289171	0.65	0.80
92	A2	P7B1	EC.AT	0.082656638	0.089260875	0.099425193	0.105162968	0.112723971	0.61	0.80
92	A3	P7B1	EC.AT	0.082672768	0.098644917	0.109034569	0.10434859	0.111925622	0.65	0.82
92	A4	P7B1	EC.AT	0.082784633	0.225721143	0.373157589	0.507617418	0.646382276	0.6	0.80
26	C3	P7B1	EC.AT	0.070565773	0.169424459	0.252395858	0.344709623	0.430535748	0.62	0.82
95	A1	P7B1	EC.ET	0.095320623	0.084787491	0.103443355	0.109062009	0.118406081	0.65	0.82
95	A2	P7B1	EC.ET	0.094837203	0.246257811	0.408748689	0.55609843	0.70763098	0.65	0.79
95	A3	P7B1	EC.ET	0.095025822	0.283205343	0.461928166	0.65084385	0.83799299	0.67	0.81
95	A4	P7B1	EC.ET	0.095174915	0.11128614	0.11075629	0.104604165	0.104559003	0.62	0.79
29	C3	P7B1	EC.ET	0.080287847	0.167134747	0.252593005	0.346665078	0.433880446	0.52	0.82
79	C1	P8A1	AC.AT	0.044227201	0.303279475	0.553332878	0.802190658	1.050605713	0.68	0.82
79	C2	P8A1	AC.AT	0.04344584	0.197686994	0.363347842	0.520381065	0.68444252	0.63	0.82
79	C3	P8A1	AC.AT	0.043475749	0.066493231	0.094193005	0.118477153	0.142939079	0.59	0.83
79	C4	P8A1	AC.AT	0.043854138	0.217325658	0.383883508	0.558549545	0.7254931	0.61	0.81
13	A3	P8A1	AC.AT	0.008641788	0.138423371	0.237020917	0.355879654	0.465355285	0.6	0.81
82	C1	P8A1	AC.ET	0.049442313	0.204542596	0.35721035	0.50528705	0.658620066	0.61	0.80
82	C2	P8A1	AC.ET	0.048925649	0.21692526	0.378239789	0.544351935	0.702615694	0.57	0.81
82	C3	P8A1	AC.ET	0.048816892	0.07068052	0.09758402	0.116870102	0.134171289	0.56	0.82
82	C4	P8A1	AC.ET	0.049418213	0.189144988	0.353080955	0.503936904	0.659734672	0.55	0.82
16	A3	P8A1	AC.ET	0.029390993	0.131245914	0.249898492	0.351645558	0.46091283	0.58	0.82
81	C1	P8A1	Control.AT	0.047331057	0.217997715	0.374900238	0.535454679	0.694393521	0.66	0.79
81	C2	P8A1	Control.AT	0.047275124	0.210873037	0.386552859	0.561048379	0.730242147	0.65	0.82
81	C3	P8A1	Control.AT	0.047037616	0.202765285	0.357136695	0.513976403	0.663148291	0.55	0.81
81	C4	P8A1	Control.AT	0.047076588	0.060331917	0.098598032	0.119368619	0.14064841	0.62	0.80
15	A3	P8A1	Control.AT	0.023159991	0.130358895	0.245394573	0.354031845	0.465836643	0.56	0.82
84	C1	P8A1	Control.ET	0.057755993	0.218953528	0.354933344	0.508575464	0.657337648	0.67	0.79
84	C2	P8A1	Control.ET	0.057709345	0.08801748	0.095633052	0.11211036	0.130140669	0.66	0.81
84	C3	P8A1	Control.ET	0.057221461	0.211501092	0.358184816	0.508507788	0.656637933	0.66	0.81
84	C4	P8A1	Control.ET	0.057190484	0.068087303	0.097433489	0.115201071	0.133320573	0.63	0.79
18	A3	P8A1	Control.ET	0.037090141	0.131646506	0.250019828	0.353483738	0.462045212	0.51	0.83
80	C1	P8A1	EC.AT	0.046057167	0.207937354	0.370174242	0.525131202	0.690552878	0.7	0.81
80	C2	P8A1	EC.AT	0.045897768	0.210099054	0.367285939	0.52433366	0.678719196	0.66	0.80
80	C3	P8A1	EC.AT	0.045629306	0.275965527	0.509224719	0.728494861	0.9491992	0.64	0.82
80	C4	P8A1	EC.AT	0.045896924	0.212075017	0.366477574	0.524645812	0.687801024	0.63	0.81
14	A3	P8A1	EC.AT	0.01397061	0.114683391	0.234260864	0.353691878	0.47502526	0.59	0.80
83	C1	P8A1	EC.ET	0.053118268	0.255776097	0.453909206	0.661174998	0.868549245	0.73	0.81
83	C2	P8A1	EC.ET	0.05389321	0.18707551	0.35581271	0.50987019	0.66308776	0.71	0.80
83	C3	P8A1	EC.ET	0.052893508	0.20852042	0.363034153	0.502791904	0.652525222	0.64	0.81
83	C4	P8A1	EC.ET	0.052326104	0.066224736	0.096100388	0.11201032	0.133551946	0.64	0.80
17	A3	P8A1	EC.ET	0.033841952	0.139762366	0.251737892	0.349699782	0.451246997	0.63	0.82
97	B1	P8A5	AC.AT	0.102221972	0.102338936	0.103803073	0.104411188	0.104359024	0.63	0.82
97	B2	P8A5	AC.AT	0.101785729	0.116479734	0.114235319	0.106078004	0.101745674	0.63	0.79
97	B3	P8A5	AC.AT	0.101605938	0.213308436	0.32213471	0.429710161	0.534135242	0.61	0.83
97	B4	P8A5	AC.AT	0.10171778	0.101042138	0.106312462	0.108373084	0.115166673	0.61	0.81
13	A2	P8A5	AC.AT	0.010364009	0.138640204	0.243590719	0.355143572	0.46545834	0.58	0.82
100	B1	P8A5	AC.ET	0.110390366	0.266683434	0.397087794	0.532683004	0.673922708	0.61	0.81
100	B2	P8A5	AC.ET	0.110573861	0.101488936	0.102478839	0.107023878	0.103846287	0.63	0.81
100	B3	P8A5	AC.ET	0.109896318	0.119259106	0.107947682	0.10470319	0.102260909	0.62	0.83
100	B4	P8A5	AC.ET	0.110906803	0.240185831	0.388958212	0.528434721	0.664217432	0.66	0.83
16	A2	P8A5	AC.ET	0.029403026	0.134881003	0.247448902	0.349260719	0.457956094	0.59	0.83
99	B1	P8A5	Control.AT	0.107190362	0.227729573	0.37903108	0.506811081	0.643955643	0.61	0.82
99	B2	P8A5	Control.AT	0.107767851	0.112504594	0.10696727	0.106085622	0.107074828	0.55	0.80
99	B3	P8A5	Control.AT	0.106806083	0.101044912	0.107985732	0.106997037	0.105634166	0.54	0.83
99	B4	P8A5	Control.AT	0.107027371	0.234337071	0.37916998	0.508348021	0.640521089	0.52	0.82
15	A2	P8A5	Control.AT	0.023269894	0.133812557	0.244329781	0.352716678	0.465357345	0.54	0.81
102	B1	P8A5	Control.ET	0.118716598	0.242675846	0.378393727	0.523986486	0.662612872	0.69	0.80
102	B2	P8A5	Control.ET	0.118629947	0.101289986	0.112739521	0.10527141	0.103961432	0.68	0.82
102	B3	P8A5	Control.ET	0.117775019	0.305375365	0.47980759	0.652734395	0.823825402	0.66	0.80
102	B4	P8A5	Control.ET	0.118266474	0.108726528	0.11099245	0.106749201	0.106549048	0.68	0.80
18	A2	P8A5	Control.ET	0.037858794	0.138214302	0.250946908	0.352156663	0.457151511	0.64	0.80
98	B1	P8A5	EC.AT	0.104586	0.112962084	0.106756032	0.103556947	0.100223374	0.56	0.80
98	B2	P8A5	EC.AT	0.105445816	0.091029827	0.103712888	0.108776544	0.112366133	0.52	0.80
98	B3	P8A5	EC.AT	0.104845042	0.094205064	0.096827778	0.109822212	0.112289937	0.52	0.79
98	B4	P8A5	EC.AT	0.105384432	0.244198017	0.39077836	0.53376051	0.678178615	0.57	0.81
14	A2	P8A5	EC.AT	0.014109367	0.128844716	0.246852273	0.349798007	0.460736681	0.6	0.80
101	B1	P8A5	EC.ET	0.114214288	0.104576938	0.103669978	0.101795552	0.1	0.6	0.82
101	B2	P8A5	EC.ET	0.114685201	0.25579514	0.382310707	0.524870821	0.661239316	0.54	0.79
101	B3	P8A5	EC.ET	0.114807235	0.308740043	0.480810395	0.647789243	0.824200768	0.57	0.83
101	B4	P8A5	EC.ET	0.114715991	0.229317778	0.365888046	0.51108313	0.642971608	0.54	0.80
17	A2	P8A5	EC.ET	0.034063922	0.253985364	0.484416975	0.704532032	0.926689815	0.67	0.81