Plate	Well	Genotype	Treatment	Week0	Week1	Week2	Week3	Week4	Qymax.Week4	Qymax.Week0	
1	C4	P18D5	AC.AT	0.059466973	0.159140332	0.257590596	0.347854207	0.437874576	0.64	0.83	
2	C4	P18D5	EC.AT	0.022087568	0.04814469	0.090949203	0.118080741	0.155662972	0.67	0.81	
3	C4	P18D5	Control.AT	0.010999161	0.09768487	0.173576695	0.255962411	0.340240203	0.68	0.81	
4	C4	P18D5	AC.ET	0.099539804	0.247619705	0.410947122	0.572433787	0.736758199	0.65	0.81	
5	C4	P18D5	EC.ET	0.014878462	0.163350499	0.324841138	0.472274775	0.624762006	0.68	0.82	
6	C4	P18D5	Control.ET	0.027338527	0.168201096	0.319924334	0.467126512	0.617407718	0.67	0.80	
49	B2	MOTHER	AC.AT	0.138459928	0.193995958	0.272756828	0.331227586	0.400407102	0.56	0.83	
50	B2	MOTHER	EC.AT	0.141540989	0.21863586	0.270955445	0.334368417	0.392619813	0.55	0.80	
51	B2	MOTHER	Control.AT	0.144273023	0.199571269	0.262168935	0.33708098	0.402961944	0.63	0.80	
52	B2	MOTHER	AC.ET	0.149883213	0.340864906	0.544053805	0.731662523	0.924291208	0.62	0.79	
53	B2	MOTHER	EC.ET	0.151894268	0.211023259	0.273437283	0.332145304	0.387098414	0.62	0.81	
54	B2	MOTHER	Control.ET	0.156852711	0.207361292	0.268438434	0.334214421	0.393939584	0.6	0.80	
25	A3	P13A2	AC.AT	0.065537457	0.151590382	0.252563922	0.343287656	0.439723771	0.61	0.83	
26	A3	P13A2	EC.AT	0.06904328	0.172628501	0.252920781	0.341482439	0.435317609	0.67	0.79	
27	A3	P13A2	Control.AT	0.070902071	0.155068156	0.249516181	0.344041887	0.435143316	0.57	0.81	
28	A3	P13A2	AC.ET	0.074343385	0.172823307	0.25797365	0.341519877	0.434336145	0.66	0.80	
29	A3	P13A2	EC.ET	0.077445849	0.15919339	0.256016339	0.343541998	0.43167246	0.65	0.80	
30	A3	P13A2	Control.ET	0.080813596	0.174238659	0.255529236	0.343785466	0.426986321	0.58	0.83	
7	B1	P14B3	AC.AT	0.035932451	0.325388965	0.596772569	0.870335144	1.144682035	0.65	0.80	
8	B1	P14B3	EC.AT	0.050627773	0.180771957	0.323222121	0.470074018	0.609800524	0.73	0.80	
9	B1	P14B3	Control.AT	0.164631147	0.437442049	0.697465912	0.974602953	1.241832973	0.57	0.80	
10	B1	P14B3	AC.ET	0.171362266	0.291179828	0.42254254	0.560827893	0.698691475	0.64	0.80	
11	B1	P14B3	EC.ET	0.184497694	0.316763296	0.436234834	0.559294428	0.685439323	0.68	0.82	
12	B1	P14B3	Control.ET	0.197668398	0.315492385	0.430924365	0.55695885	0.683573121	0.69	0.81	
73	A2	P14B4	AC.AT	0.02303391	0.057576871	0.092149039	0.124259273	0.15735684	0.63	0.81	
74	A2	P14B4	EC.AT	0.025713345	0.192506443	0.365455963	0.541739882	0.71983984	0.58	0.80	
75	A2	P14B4	Control.AT	0.029975485	0.202949635	0.350769071	0.517996769	0.678980506	0.62	0.81	
76	A2	P14B4	AC.ET	0.031905205	0.061427228	0.090466661	0.120144184	0.153631407	0.54	0.83	
77	A2	P14B4	EC.ET	0.034363309	0.058522974	0.096051182	0.119090466	0.143223952	0.65	0.80	
78	A2	P14B4	Control.ET	0.038405465	0.213506176	0.400243642	0.574084684	0.7453309	0.66	0.82	
67	C3	P14C1	AC.AT	0.002864495	0.183100847	0.350059872	0.518716267	0.68330281	0.67	0.81	
68	C3	P14C1	EC.AT	0.007067473	0.043245101	0.082649472	0.124285836	0.156735108	0.58	0.83	
69	C3	P14C1	Control.AT	0.009700543	0.046673748	0.08216679	0.125346346	0.166492837	0.59	0.83	
70	C3	P14C1	AC.ET	0.013756532	0.172670538	0.350690188	0.508992821	0.67739988	0.64	0.81	
71	C3	P14C1	EC.ET	0.016285837	0.059186399	0.08984751	0.120497189	0.155633173	0.6	0.83	
72	C3	P14C1	Control.ET	0.019080213	0.036785666	0.082336452	0.124513859	0.161194261	0.53	0.83	
43	A2	P14C3	AC.AT	0.114548841	0.182705726	0.256189282	0.337655125	0.416117018	0.55	0.82	
44	A2	P14C3	EC.AT	0.118168319	0.18740595	0.271223684	0.334368138	0.406086201	0.62	0.83	
45	A2	P14C3	Control.AT	0.11993116	0.193981484	0.273050687	0.336502488	0.405376714	0.55	0.83	
46	A2	P14C3	AC.ET	0.123537327	0.196473331	0.266552876	0.340283653	0.411048849	0.63	0.81	
47	A2	P14C3	EC.ET	0.128291755	0.313962523	0.516377214	0.70727874	0.898127544	0.69	0.80	
48	A2	P14C3	Control.ET	0.135169916	0.335899486	0.526525672	0.713683757	0.90340327	0.62	0.80	
7	B2	P14C4	AC.AT	0.03690877	0.170731285	0.316427272	0.468413817	0.618462375	0.51	0.80	
8	B2	P14C4	EC.AT	0.051014593	0.178302525	0.329900566	0.468457412	0.604792499	0.64	0.79	
9	B2	P14C4	Control.AT	0.165255975	0.296866273	0.432509436	0.56396658	0.689143877	0.53	0.82	
10	B2	P14C4	AC.ET	0.171727521	0.288562684	0.423771811	0.565071667	0.697086533	0.6	0.81	
11	B2	P14C4	EC.ET	0.185282343	0.305502291	0.433600897	0.560976292	0.681938397	0.62	0.80	
12	B2	P14C4	Control.ET	0.197968306	0.331337207	0.443407994	0.558200656	0.671443243	0.56	0.79	
67	B3	P14D4	AC.AT	0.003116934	0.051284353	0.081640715	0.122839817	0.16020307	0.67	0.82	
68	B3	P14D4	EC.AT	0.007484256	0.054043427	0.089426511	0.125008597	0.162534302	0.56	0.81	
69	B3	P14D4	Control.AT	0.009791041	0.050503129	0.085622246	0.122064279	0.154130783	0.57	0.82	
70	B3	P14D4	AC.ET	0.013780733	0.058836641	0.089367277	0.124166777	0.155490482	0.59	0.81	
71	B3	P14D4	EC.ET	0.016688231	0.053673123	0.084133589	0.116885423	0.152644154	0.62	0.80	
72	B3	P14D4	Control.ET	0.019641463	0.03852894	0.077733923	0.122165819	0.159981955	0.54	0.83	
7	C4	P15B2	AC.AT	0.037220167	0.197291425	0.33105737	0.462428231	0.604066095	0.59	0.83	
8	C4	P15B2	EC.AT	0.053943076	0.186981582	0.330823074	0.461817074	0.599035697	0.6	0.80	
9	C4	P15B2	Control.AT	0.165881541	0.297600181	0.43654778	0.563597165	0.691763144	0.55	0.80	
10	C4	P15B2	AC.ET	0.173389184	0.300879077	0.426788527	0.561473627	0.697347507	0.58	0.82	
11	C4	P15B2	EC.ET	0.186264088	0.321278758	0.441262747	0.559361557	0.679175631	0.7	0.83	
12	C4	P15B2	Control.ET	0.001218784	0.111392778	0.243089458	0.355372409	0.473541381	0.61	0.80	
43	B2	P15B3	AC.AT	0.115354547	0.181615347	0.260286897	0.340081237	0.412045763	0.57	0.80	
44	B2	P15B3	EC.AT	0.118201997	0.200605526	0.260840351	0.33369289	0.40786878	0.55	0.79	
45	B2	P15B3	Control.AT	0.120901094	0.178068692	0.258898375	0.337019217	0.415227783	0.53	0.82	
46	B2	P15B3	AC.ET	0.124154504	0.327364417	0.522836185	0.712241618	0.903249762	0.63	0.83	
47	B2	P15B3	EC.ET	0.12883735	0.188627213	0.263081478	0.337195187	0.403812125	0.64	0.81	
48	B2	P15B3	Control.ET	0.135304082	0.190846794	0.263131994	0.33701047	0.401796912	0.55	0.83	
43	B1	P15B4	AC.AT	0.115409878	0.206825142	0.262725016	0.334493224	0.405367409	0.57	0.81	
44	B1	P15B4	EC.AT	0.11852488	0.18939632	0.264701001	0.337406991	0.415104956	0.61	0.81	
45	B1	P15B4	Control.AT	0.121202991	0.189315967	0.272399701	0.333925908	0.407456855	0.58	0.79	
46	B1	P15B4	AC.ET	0.125215129	0.190615731	0.268815051	0.332558835	0.402976529	0.62	0.82	
47	B1	P15B4	EC.ET	0.129064313	0.196834133	0.274493458	0.336713288	0.400821382	0.64	0.82	
48	B1	P15B4	Control.ET	0.135415937	0.200926621	0.264964927	0.33270095	0.400772704	0.61	0.81	
7	C3	P15C1	AC.AT	0.038035998	0.187644209	0.323876026	0.467006782	0.60615639	0.53	0.81	
8	C3	P15C1	EC.AT	0.054947707	0.203534119	0.323085427	0.463702313	0.5969493	0.64	0.81	
9	C3	P15C1	Control.AT	0.166555876	0.307131848	0.426876612	0.563206903	0.688322519	0.51	0.83	
10	C3	P15C1	AC.ET	0.17440162	0.303283452	0.438617066	0.560770146	0.688660474	0.59	0.82	
11	C3	P15C1	EC.ET	0.187388679	0.327290246	0.442480937	0.554869773	0.67532201	0.63	0.82	
12	C3	P15C1	Control.ET	0.001569191	0.114664956	0.239516857	0.355753265	0.479287227	0.59	0.82	
13	B2	P15C3	AC.AT	0.005268583	0.140395984	0.236998968	0.353981296	0.466070003	0.55	0.83	
14	B2	P15C3	EC.AT	0.011923534	0.126167025	0.244280216	0.353225123	0.464954179	0.55	0.79	
15	B2	P15C3	Control.AT	0.016788815	0.138262507	0.238174698	0.354453843	0.462697032	0.53	0.79	
16	B2	P15C3	AC.ET	0.024897187	0.13744311	0.243957668	0.347665425	0.455568299	0.48	0.79	
17	B2	P15C3	EC.ET	0.031721224	0.131189465	0.239596194	0.349157957	0.46018634	0.58	0.81	
18	B2	P15C3	Control.ET	0.034582578	0.142500157	0.253194897	0.352346907	0.453267551	0.58	0.80	
13	C4	P16A2	AC.AT	0.005420858	0.133647789	0.233060099	0.356692364	0.471463691	0.61	0.82	
14	C4	P16A2	EC.AT	0.012021624	0.121528207	0.241098831	0.353207181	0.465347596	0.6	0.82	
15	C4	P16A2	Control.AT	0.016793235	0.120259494	0.239891022	0.35455005	0.470106399	0.54	0.80	
16	C4	P16A2	AC.ET	0.025194271	0.128530147	0.243446379	0.354139485	0.458570171	0.59	0.82	
17	C4	P16A2	EC.ET	0.032345805	0.286046937	0.546303396	0.796972402	1.047582408	0.43	0.81	
18	C4	P16A2	Control.ET	0.034768159	0.146714231	0.244221906	0.351642899	0.456422092	0.66	0.79	
61	A3	P16A3	AC.AT	0.184132388	0.223929475	0.276513944	0.322923219	0.373319713	0.62	0.80	
62	A3	P16A3	EC.AT	0.188324023	0.242689343	0.276488715	0.320678569	0.365229826	0.65	0.80	
63	A3	P16A3	Control.AT	0.190965789	0.244362697	0.289001672	0.32229582	0.364593441	0.61	0.83	
64	A3	P16A3	AC.ET	0.193387187	0.349792469	0.532342349	0.710250074	0.887825266	0.67	0.82	
65	A3	P16A3	EC.ET	0.197613117	0.404505394	0.599942068	0.783882148	0.979280682	0.64	0.80	
66	A3	P16A3	Control.ET	0.000113218	0.05583347	0.087838454	0.122198039	0.157722054	0.61	0.80	
49	C2	P16B3	AC.AT	0.138553285	0.201172338	0.271729964	0.332213748	0.393711391	0.6	0.83	
50	C2	P16B3	EC.AT	0.141683268	0.203617537	0.269893785	0.330948899	0.395924097	0.52	0.79	
51	C2	P16B3	Control.AT	0.146406178	0.217215141	0.272148859	0.33000022	0.393150474	0.56	0.81	
52	C2	P16B3	AC.ET	0.149964884	0.33499766	0.522459763	0.705829557	0.889197522	0.66	0.80	
53	C2	P16B3	EC.ET	0.152362915	0.223977986	0.278835218	0.328679229	0.389611294	0.59	0.79	
54	C2	P16B3	Control.ET	0.15763624	0.220161262	0.267472047	0.329915089	0.393312214	0.66	0.82	
49	B3	P16B6	AC.AT	0.138689225	0.200922236	0.272862421	0.336042594	0.398902974	0.51	0.81	
50	B3	P16B6	EC.AT	0.141707043	0.212467908	0.264647323	0.335202872	0.393511866	0.51	0.81	
51	B3	P16B6	Control.AT	0.146980053	0.200420695	0.277634946	0.334399171	0.393543171	0.51	0.80	
52	B3	P16B6	AC.ET	0.14998775	0.213167597	0.27336572	0.336153653	0.397608278	0.61	0.82	
53	B3	P16B6	EC.ET	0.152384474	0.205977529	0.26657045	0.33370096	0.397311822	0.51	0.83	
54	B3	P16B6	Control.ET	0.158228568	0.213588924	0.274641141	0.33459638	0.392744188	0.62	0.80	
61	B2	P16C1	AC.AT	0.185178399	0.23169368	0.27927513	0.324835784	0.379018466	0.55	0.83	
62	B2	P16C1	EC.AT	0.1886041	0.358797323	0.529792562	0.711194132	0.887161335	0.67	0.81	
63	B2	P16C1	Control.AT	0.191232016	0.378366314	0.572036312	0.755635583	0.945103668	0.62	0.79	
64	B2	P16C1	AC.ET	0.19351946	0.239415655	0.274140949	0.328351907	0.375021838	0.59	0.82	
65	B2	P16C1	EC.ET	0.197676945	0.373976366	0.53715334	0.706919459	0.877386372	0.67	0.83	
66	B2	P16C1	Control.ET	0.000457588	0.037066931	0.084075928	0.123872247	0.162828589	0.65	0.80	
49	B4	P16C3	AC.AT	0.138787767	0.19650663	0.267887266	0.333703212	0.403388979	0.6	0.81	
50	B4	P16C3	EC.AT	0.14177956	0.338786096	0.51978594	0.705013334	0.89498376	0.5	0.83	
51	B4	P16C3	Control.AT	0.14704227	0.213379135	0.268206473	0.332447829	0.392331643	0.62	0.80	
52	B4	P16C3	AC.ET	0.149991318	0.34842031	0.541241509	0.734830641	0.924670075	0.64	0.82	
53	B4	P16C3	EC.ET	0.152583427	0.3906485	0.618372092	0.856768699	1.092203196	0.58	0.83	
54	B4	P16C3	Control.ET	0.158898459	0.218683588	0.279599371	0.326803943	0.380868416	0.59	0.82	
13	C3	P17A5	AC.AT	0.005811928	0.292125694	0.573334387	0.860742982	1.142273175	0.51	0.79	
14	C3	P17A5	EC.AT	0.012027165	0.122425668	0.234151411	0.354251567	0.469348957	0.56	0.80	
15	C3	P17A5	Control.AT	0.017321255	0.133600332	0.241216468	0.35250732	0.463484418	0.48	0.83	
16	C3	P17A5	AC.ET	0.025945166	0.141580349	0.240517694	0.351355793	0.461744298	0.59	0.79	
17	C3	P17A5	EC.ET	0.032357976	0.123245809	0.249495952	0.350683314	0.462691258	0.56	0.82	
18	C3	P17A5	Control.ET	0.034874717	0.154740044	0.242422728	0.350086225	0.4525791	0.54	0.82	
55	C1	P17B2	AC.AT	0.161642008	0.203755978	0.26634555	0.3314046	0.391639254	0.71	0.80	
56	C1	P17B2	EC.AT	0.166603937	0.369873781	0.553751102	0.731019752	0.920608143	0.65	0.80	
57	C1	P17B2	Control.AT	0.16952546	0.205277699	0.277334756	0.333245404	0.389003611	0.61	0.80	
58	C1	P17B2	AC.ET	0.174540322	0.351875562	0.529703459	0.71095945	0.887572796	0.65	0.81	
59	C1	P17B2	EC.ET	0.178283289	0.219562234	0.280937903	0.327320292	0.382047503	0.69	0.81	
60	C1	P17B2	Control.ET	0.180537692	0.236365159	0.279087457	0.323583679	0.374339843	0.59	0.81	
67	B1	P17B3	AC.AT	0.003433123	0.031418424	0.087131039	0.124056603	0.164812845	0.69	0.83	
68	B1	P17B3	EC.AT	0.007521501	0.05440831	0.092057797	0.123232005	0.154853989	0.56	0.80	
69	B1	P17B3	Control.AT	0.01142754	0.0633833	0.082384289	0.118517885	0.153089821	0.63	0.81	
70	B1	P17B3	AC.ET	0.013796559	0.048384965	0.08871902	0.122613082	0.156810846	0.62	0.80	
71	B1	P17B3	EC.ET	0.016988671	0.065746911	0.092358193	0.119543187	0.148880194	0.63	0.83	
72	B1	P17B3	Control.ET	0.019792296	0.201022433	0.355976481	0.521032091	0.68343923	0.55	0.79	
13	C2	P17B6	AC.AT	0.006873898	0.121893088	0.23998006	0.354435356	0.473822866	0.61	0.81	
14	C2	P17B6	EC.AT	0.012304042	0.14996614	0.290406398	0.320156836	0.44851949	0.62	0.80	
15	C2	P17B6	Control.AT	0.018743659	0.130708804	0.246101071	0.351596077	0.466964312	0.56	0.82	
16	C2	P17B6	AC.ET	0.026707373	0.129678143	0.243045255	0.350159852	0.459527857	0.51	0.80	
17	C2	P17B6	EC.ET	0.032702667	0.14094407	0.240814003	0.350643649	0.452884662	0.66	0.79	
18	C2	P17B6	Control.ET	0.035234242	0.13393923	0.247835491	0.351727332	0.453064171	0.6	0.81	
67	A4	P17C2	AC.AT	0.004517259	0.163365188	0.343913127	0.508559893	0.677793307	0.59	0.80	
68	A4	P17C2	EC.AT	0.007651466	0.049510209	0.091834672	0.11881627	0.154824899	0.5	0.81	
69	A4	P17C2	Control.AT	0.011661785	0.056238602	0.09051241	0.121942678	0.150771942	0.64	0.81	
70	A4	P17C2	AC.ET	0.013890605	0.053469835	0.086341508	0.122019343	0.15251355	0.69	0.81	
71	A4	P17C2	EC.ET	0.017315564	0.183042457	0.340218753	0.513669429	0.674400804	0.67	0.80	
72	A4	P17C2	Control.ET	0.019880158	0.194158794	0.372195205	0.537541267	0.704957792	0.64	0.83	
67	A2	P17C4	AC.AT	0.004563948	0.172863161	0.337109189	0.504992347	0.675302937	0.69	0.83	
68	A2	P17C4	EC.AT	0.007761508	0.037935139	0.080526649	0.122251913	0.159089619	0.51	0.82	
69	A2	P17C4	Control.AT	0.012118644	0.045600658	0.088883211	0.119446058	0.152339313	0.65	0.82	
70	A2	P17C4	AC.ET	0.014327346	0.17899327	0.340919998	0.50402157	0.671413432	0.62	0.80	
71	A2	P17C4	EC.ET	0.017449704	0.186589366	0.33743958	0.504646983	0.6687223	0.59	0.82	
72	A2	P17C4	Control.ET	0.020159426	0.170252697	0.334038028	0.508409317	0.67259401	0.62	0.80	
31	C3	P17C5	AC.AT	0.084703475	0.306709333	0.552210835	0.775984154	1.00485237	0.58	0.83	
32	C3	P17C5	EC.AT	0.086868725	0.168355186	0.253910872	0.342137732	0.421944998	0.52	0.79	
33	C3	P17C5	Control.AT	0.089963351	0.304870006	0.494656978	0.71041384	0.914511288	0.59	0.80	
34	C3	P17C5	AC.ET	0.092569596	0.165961345	0.25851214	0.340163106	0.42647211	0.63	0.81	
35	C3	P17C5	EC.ET	0.094118509	0.183886732	0.26101547	0.337331315	0.418805184	0.63	0.82	
36	C3	P17C5	Control.ET	0.095842141	0.187135915	0.261610827	0.339711922	0.423354171	0.56	0.83	
55	A1	P17D2	AC.AT	0.161904232	0.213410314	0.269592029	0.327866953	0.384142311	0.69	0.82	
56	A1	P17D2	EC.AT	0.167308767	0.213063536	0.271641134	0.32706332	0.386327246	0.61	0.79	
57	A1	P17D2	Control.AT	0.170947042	0.22474494	0.271189648	0.328179484	0.379679528	0.61	0.80	
58	A1	P17D2	AC.ET	0.175336184	0.353645046	0.53133665	0.709523195	0.88946403	0.7	0.80	
59	A1	P17D2	EC.ET	0.178468486	0.217512942	0.274922079	0.329073266	0.383547266	0.67	0.80	
60	A1	P17D2	Control.ET	0.180687997	0.233090182	0.281890163	0.324712229	0.377675455	0.63	0.80	
19	B3	P18A4	AC.AT	0.039724921	0.133980236	0.24941466	0.350038262	0.460661261	0.58	0.82	
20	B3	P18A4	EC.AT	0.046262476	0.155659443	0.256430081	0.347392263	0.445963484	0.6	0.82	
21	B3	P18A4	Control.AT	0.05120067	0.155729608	0.256733649	0.346121777	0.442902134	0.61	0.81	
22	B3	P18A4	AC.ET	0.056567355	0.275339523	0.496794551	0.71124177	0.92257848	0.58	0.80	
23	B3	P18A4	EC.ET	0.0593155	0.262780284	0.482891193	0.708511742	0.927025105	0.67	0.82	
24	B3	P18A4	Control.ET	0.062782807	0.147883709	0.248228312	0.347958816	0.443027361	0.55	0.83	
31	C4	P18A5	AC.AT	0.084814196	0.363497833	0.614093878	0.87302809	1.133233212	0.57	0.79	
32	C4	P18A5	EC.AT	0.087185043	0.317183614	0.549122931	0.784691674	1.0191396	0.53	0.79	
33	C4	P18A5	Control.AT	0.090196589	0.183685734	0.262758649	0.339746783	0.423317756	0.5	0.83	
34	C4	P18A5	AC.ET	0.092585577	0.191801178	0.254544214	0.340961398	0.417873887	0.63	0.82	
35	C4	P18A5	EC.ET	0.094466192	0.167046563	0.256527871	0.343943735	0.430888653	0.59	0.80	
36	C4	P18A5	Control.ET	0.096757555	0.288919335	0.506957762	0.711569304	0.914927658	0.57	0.82	
19	B1	P18B1	AC.AT	0.03978484	0.272000696	0.501686674	0.747223189	0.98894403	0.68	0.82	
20	B1	P18B1	EC.AT	0.0470467	0.152331927	0.24703262	0.349961626	0.446563603	0.73	0.80	
21	B1	P18B1	Control.AT	0.051226187	0.153855763	0.246100963	0.349600667	0.452761549	0.57	0.80	
22	B1	P18B1	AC.ET	0.056810998	0.148349709	0.256486809	0.349293532	0.441484461	0.59	0.81	
23	B1	P18B1	EC.ET	0.059351819	0.284964168	0.526669747	0.756163805	0.995713066	0.67	0.80	
24	B1	P18B1	Control.ET	0.062828996	0.154205416	0.250245999	0.346076155	0.439472884	0.59	0.82	
19	B2	P18B5	AC.AT	0.040222554	0.134456191	0.245558401	0.348116096	0.455402227	0.56	0.82	
20	B2	P18B5	EC.AT	0.047508241	0.144321927	0.248090641	0.348641766	0.450093206	0.61	0.79	
21	B2	P18B5	Control.AT	0.051484879	0.14819635	0.247641431	0.345730282	0.440422528	0.56	0.83	
22	B2	P18B5	AC.ET	0.056824469	0.160158519	0.256647044	0.349256531	0.439595972	0.62	0.81	
23	B2	P18B5	EC.ET	0.059384332	0.143858449	0.249547535	0.349657761	0.445512724	0.63	0.80	
24	B2	P18B5	Control.ET	0.063142587	0.153619425	0.260205654	0.343767217	0.436968321	0.58	0.80	
31	B3	P18C3	AC.AT	0.085187267	0.183300595	0.253407286	0.340069314	0.421243024	0.57	0.83	
32	B3	P18C3	EC.AT	0.087216304	0.170605917	0.254739164	0.345470987	0.427306056	0.49	0.83	
33	B3	P18C3	Control.AT	0.09067609	0.165594781	0.257180732	0.345938563	0.432114001	0.58	0.83	
34	B3	P18C3	AC.ET	0.092625089	0.171554798	0.264147875	0.339785363	0.419857432	0.6	0.82	
35	B3	P18C3	EC.ET	0.094621918	0.186974292	0.257862986	0.336080064	0.417922674	0.57	0.79	
36	B3	P18C3	Control.ET	0.096825501	0.176383259	0.258000323	0.339013258	0.425193559	0.55	0.81	
55	B1	P18D2	AC.AT	0.161946219	0.223713688	0.266414454	0.327885218	0.389818644	0.62	0.80	
56	B1	P18D2	EC.AT	0.16735664	0.226876458	0.278644471	0.326215479	0.380694927	0.61	0.81	
57	B1	P18D2	Control.AT	0.171071938	0.2214061	0.278955373	0.330060661	0.375774026	0.63	0.81	
58	B1	P18D2	AC.ET	0.175486864	0.217789692	0.270638574	0.326259466	0.379613022	0.68	0.81	
59	B1	P18D2	EC.ET	0.17880919	0.223340508	0.281915309	0.324868339	0.379354077	0.65	0.83	
60	B1	P18D2	Control.ET	0.18127397	0.237183755	0.2852087	0.328093559	0.369017838	0.59	0.81	
67	A3	P19A4	AC.AT	0.004835399	0.031758291	0.080848342	0.124988355	0.16407898	0.68	0.80	
68	A3	P19A4	EC.AT	0.008120184	0.183398474	0.343666761	0.509141668	0.675481432	0.57	0.81	
69	A3	P19A4	Control.AT	0.012272243	0.051252479	0.084913759	0.125136815	0.163146068	0.69	0.79	
70	A3	P19A4	AC.ET	0.014830456	0.054249441	0.085081548	0.118994939	0.15108682	0.68	0.80	
71	A3	P19A4	EC.ET	0.017850127	0.173359156	0.354565999	0.511252241	0.679748602	0.6	0.80	
72	A3	P19A4	Control.ET	0.02036827	0.067859322	0.086710009	0.116503419	0.146189673	0.68	0.80	
67	C2	P19A5	AC.AT	0.005333382	0.044436933	0.078144797	0.124867705	0.16684683	0.72	0.83	
68	C2	P19A5	EC.AT	0.008358768	0.046583262	0.081521366	0.127130915	0.165410729	0.62	0.80	
69	C2	P19A5	Control.AT	0.012542322	0.054779415	0.08074826	0.118044015	0.154284497	0.59	0.82	
70	C2	P19A5	AC.ET	0.015397972	0.063447505	0.086541827	0.116092872	0.14901754	0.63	0.80	
71	C2	P19A5	EC.ET	0.017866879	0.054608897	0.095090077	0.116000222	0.150616869	0.57	0.81	
72	C2	P19A5	Control.ET	0.020553384	0.194864553	0.352563902	0.507260614	0.667808471	0.61	0.82	
49	B1	P19B4	AC.AT	0.139654966	0.21071469	0.264982786	0.334817046	0.394196226	0.67	0.80	
50	B1	P19B4	EC.AT	0.142119646	0.335076369	0.522922073	0.707972416	0.893971678	0.62	0.80	
51	B1	P19B4	Control.AT	0.147312173	0.209247521	0.262684992	0.332706684	0.3992909	0.68	0.79	
52	B1	P19B4	AC.ET	0.150059364	0.216773597	0.275053141	0.330060728	0.387578427	0.71	0.83	
53	B1	P19B4	EC.ET	0.152637475	0.206975956	0.273341923	0.33274427	0.393646614	0.65	0.80	
54	B1	P19B4	Control.ET	0.159028316	0.205171659	0.275044533	0.335174127	0.394141724	0.62	0.83	
49	A2	P19C1	AC.AT	0.140228676	0.327541112	0.514808205	0.717772798	0.912091036	0.61	0.81	
50	A2	P19C1	EC.AT	0.142440517	0.208137469	0.261769538	0.336205547	0.402734969	0.59	0.83	
51	A2	P19C1	Control.AT	0.147379909	0.210759848	0.270510754	0.329575194	0.386442865	0.63	0.80	
52	A2	P19C1	AC.ET	0.150065839	0.3346655	0.522917313	0.704891378	0.897830528	0.7	0.80	
53	A2	P19C1	EC.ET	0.15336272	0.21675758	0.273951409	0.32850568	0.384624203	0.63	0.79	
54	A2	P19C1	Control.ET	0.159700951	0.21500228	0.277348958	0.325690749	0.381053528	0.62	0.80	
49	A1	P19C3	AC.AT	0.140744459	0.325106844	0.514479971	0.706283032	0.899306832	0.67	0.80	
50	A1	P19C3	EC.AT	0.142632541	0.209762383	0.266135363	0.329469996	0.39499994	0.59	0.83	
51	A1	P19C3	Control.AT	0.148359279	0.221276229	0.275126786	0.32970522	0.390050283	0.65	0.81	
52	A1	P19C3	AC.ET	0.150362811	0.215196868	0.278003075	0.328232449	0.387948539	0.67	0.80	
53	A1	P19C3	EC.ET	0.153486689	0.36087184	0.574148413	0.792090484	1.001284416	0.6	0.82	
54	A1	P19C3	Control.ET	0.159749138	0.230196929	0.273029279	0.330425323	0.381587436	0.65	0.81	
61	C3	P19C4	AC.AT	0.185234103	0.362465952	0.534970935	0.705261913	0.880980702	0.52	0.79	
62	C3	P19C4	EC.AT	0.188825364	0.241443391	0.283601048	0.324166085	0.368660183	0.6	0.82	
63	C3	P19C4	Control.AT	0.191483844	0.232419387	0.278889577	0.323021923	0.373595111	0.59	0.83	
64	C3	P19C4	AC.ET	0.193877056	0.39547765	0.580705397	0.765954674	0.95059608	0.6	0.80	
65	C3	P19C4	EC.ET	0.198495209	0.239277594	0.282284451	0.321927622	0.368738819	0.6	0.82	
66	C3	P19C4	Control.ET	0.000579673	0.042949326	0.08675412	0.122876317	0.159382639	0.64	0.79	
67	A1	P19D2	AC.AT	0.006084491	0.190122203	0.381021242	0.58146064	0.7707717	0.68	0.81	
68	A1	P19D2	EC.AT	0.008516726	0.058988148	0.082814181	0.120812886	0.155922835	0.65	0.83	
69	A1	P19D2	Control.AT	0.012709782	0.036886027	0.082864441	0.123414339	0.160099638	0.66	0.81	
70	A1	P19D2	AC.ET	0.015476015	0.174339293	0.340397701	0.508305016	0.671246774	0.7	0.81	
71	A1	P19D2	EC.ET	0.01848428	0.228009901	0.436832305	0.652360797	0.86284435	0.66	0.80	
72	A1	P19D2	Control.ET	0.0205765	0.1903056	0.34893582	0.508018312	0.66955819	0.65	0.81	
49	A4	P19D4	AC.AT	0.141115109	0.195966021	0.273739072	0.331898883	0.402947716	0.64	0.82	
50	A4	P19D4	EC.AT	0.143082579	0.188514843	0.263661982	0.33484977	0.40348635	0.51	0.83	
51	A4	P19D4	Control.AT	0.148383622	0.217020077	0.27031537	0.329944758	0.392764915	0.65	0.81	
52	A4	P19D4	AC.ET	0.150532406	0.199307844	0.276894952	0.334730739	0.394554731	0.67	0.80	
53	A4	P19D4	EC.ET	0.154681458	0.21418371	0.276520557	0.33517251	0.393154424	0.62	0.79	
54	A4	P19D4	Control.ET	0.159896646	0.207500543	0.273648971	0.329517928	0.393333163	0.66	0.80	
13	B1	P1A5	AC.AT	0.006956394	0.117125458	0.245012664	0.352973257	0.469411946	0.62	0.82	
14	B1	P1A5	EC.AT	0.012943009	0.139327498	0.248149206	0.351361884	0.464757918	0.6	0.83	
15	B1	P1A5	Control.AT	0.01902056	0.123906017	0.235324311	0.35578229	0.472062999	0.6	0.80	
16	B1	P1A5	AC.ET	0.027303169	0.14967683	0.246551183	0.351921176	0.4576523	0.54	0.81	
17	B1	P1A5	EC.ET	0.032785026	0.153183131	0.243629603	0.351323906	0.453043353	0.68	0.82	
18	B1	P1A5	Control.ET	0.03525936	0.140117952	0.246828175	0.350219026	0.453784373	0.63	0.82	
61	B1	P1C6	AC.AT	0.185474721	0.236700981	0.272488869	0.324818649	0.378245778	0.56	0.81	
62	B1	P1C6	EC.AT	0.188911798	0.236583363	0.281720527	0.321192904	0.364556454	0.59	0.81	
63	B1	P1C6	Control.AT	0.191943744	0.249404079	0.278802802	0.325852328	0.366170779	0.65	0.79	
64	B1	P1C6	AC.ET	0.193879012	0.238904473	0.28674535	0.321986664	0.367163959	0.72	0.82	
65	B1	P1C6	EC.ET	0.198568897	0.234402196	0.283116171	0.322994666	0.369760025	0.6	0.80	
66	B1	P1C6	Control.ET	0.000718967	0.047447175	0.091800746	0.121004598	0.158101932	0.55	0.81	
61	A2	P1D2	AC.AT	0.185495177	0.229998163	0.284166548	0.32356057	0.375238162	0.58	0.82	
62	A2	P1D2	EC.AT	0.188981623	0.234624501	0.284022485	0.327131853	0.374512855	0.66	0.79	
63	A2	P1D2	Control.AT	0.192676197	0.227678909	0.274390225	0.326899885	0.375193401	0.61	0.81	
64	A2	P1D2	AC.ET	0.194740784	0.364563085	0.539835197	0.7159668	0.88606091	0.64	0.82	
65	A2	P1D2	EC.ET	0.198633518	0.239278866	0.289168004	0.32466494	0.359644569	0.63	0.79	
66	A2	P1D2	Control.ET	0.000886125	0.039188164	0.081438774	0.124945958	0.164595847	0.61	0.80	
19	B4	P20A2	AC.AT	0.040517215	0.145699364	0.244542415	0.350657602	0.460545907	0.5	0.81	
20	B4	P20A2	EC.AT	0.047525221	0.258675981	0.486321758	0.706980499	0.931506279	0.57	0.82	
21	B4	P20A2	Control.AT	0.052002134	0.14479891	0.247062157	0.347300256	0.444272078	0.56	0.81	
22	B4	P20A2	AC.ET	0.057639642	0.30581747	0.552759866	0.803814329	1.060371212	0.54	0.79	
23	B4	P20A2	EC.ET	0.059670575	0.168770207	0.248656839	0.348316989	0.439121387	0.61	0.80	
24	B4	P20A2	Control.ET	0.063158968	0.162766108	0.255106323	0.342180016	0.434671109	0.57	0.81	
19	A3	P20A3	AC.AT	0.041452686	0.143564513	0.247743546	0.351861363	0.460734689	0.55	0.82	
20	A3	P20A3	EC.AT	0.047626714	0.154472371	0.249493624	0.34882837	0.443655171	0.66	0.83	
21	A3	P20A3	Control.AT	0.053830882	0.167085677	0.254627446	0.343959027	0.440807641	0.6	0.79	
22	A3	P20A3	AC.ET	0.057872565	0.148623772	0.253071345	0.349085499	0.447673249	0.55	0.81	
23	A3	P20A3	EC.ET	0.059783093	0.288950983	0.507525247	0.721832116	0.940427621	0.68	0.82	
24	A3	P20A3	Control.ET	0.063631144	0.334692084	0.599224191	0.858657711	1.118133225	0.67	0.80	
67	C1	P20A4	AC.AT	0.0062328	0.176375756	0.342765863	0.508952579	0.675516957	0.7	0.80	
68	C1	P20A4	EC.AT	0.008948447	0.054492983	0.086997647	0.118909248	0.157416446	0.55	0.80	
69	C1	P20A4	Control.AT	0.013090799	0.050277083	0.080221396	0.122904509	0.1611489	0.66	0.82	
70	C1	P20A4	AC.ET	0.015501756	0.065168857	0.08883079	0.121974062	0.149455249	0.66	0.82	
71	C1	P20A4	EC.ET	0.018511998	0.044111803	0.086022868	0.12359474	0.15660217	0.64	0.82	
72	C1	P20A4	Control.ET	0.020637184	0.050680152	0.08651278	0.11946558	0.14959094	0.66	0.80	
31	C1	P20A5	AC.AT	0.085197394	0.175016711	0.258886445	0.340731696	0.426130796	0.63	0.82	
32	C1	P20A5	EC.AT	0.087289556	0.16399252	0.252964275	0.341167276	0.427372476	0.59	0.81	
33	C1	P20A5	Control.AT	0.090716601	0.186350656	0.261059171	0.340963509	0.420106338	0.56	0.79	
34	C1	P20A5	AC.ET	0.092641963	0.168303594	0.256011483	0.339874735	0.430072309	0.64	0.82	
35	C1	P20A5	EC.ET	0.094642741	0.178054187	0.258657047	0.342231109	0.420334896	0.61	0.81	
36	C1	P20A5	Control.ET	0.096888211	0.189707591	0.255049634	0.341468263	0.41602959	0.56	0.81	
1	B2	P20B1	AC.AT	0.070286482	0.151113981	0.253311786	0.344681724	0.441318126	0.67	0.79	
2	B2	P20B1	EC.AT	0.022598246	0.042916675	0.090649226	0.118426118	0.155451583	0.71	0.81	
3	B2	P20B1	Control.AT	0.007943571	0.082454243	0.170852794	0.257125536	0.338544211	0.62	0.83	
4	B2	P20B1	AC.ET	0.001273772	0.150041929	0.313014059	0.477436404	0.635995022	0.72	0.83	
5	B2	P20B1	EC.ET	0.015295749	0.176571916	0.315093328	0.468389462	0.617961574	0.63	0.82	
6	B2	P20B1	Control.ET	0.029265395	0.169211564	0.318096052	0.468006484	0.614308345	0.68	0.80	
37	A3	P20B2	AC.AT	0.098822354	0.186861435	0.25630883	0.340825511	0.417215364	0.58	0.83	
38	A3	P20B2	EC.AT	0.102259359	0.182011133	0.264940607	0.338306022	0.420191772	0.56	0.82	
39	A3	P20B2	Control.AT	0.103944845	0.308824773	0.528826333	0.748545675	0.966531696	0.62	0.81	
40	A3	P20B2	AC.ET	0.107226998	0.177847115	0.265978291	0.340427761	0.42141198	0.66	0.79	
41	A3	P20B2	EC.ET	0.109822107	0.188360154	0.263245341	0.336063364	0.414730417	0.59	0.81	
42	A3	P20B2	Control.ET	0.112362449	0.180998536	0.260400772	0.337683412	0.418518859	0.61	0.83	
19	A1	P20B3	AC.AT	0.042729122	0.264798337	0.488233244	0.707917197	0.928083462	0.6	0.80	
20	A1	P20B3	EC.AT	0.047811347	0.149969751	0.254521645	0.344690975	0.442519321	0.64	0.79	
21	A1	P20B3	Control.AT	0.053857642	0.159257124	0.250018577	0.34719813	0.441604347	0.57	0.82	
22	A1	P20B3	AC.ET	0.0578765	0.162872487	0.257604817	0.344542208	0.439094712	0.61	0.80	
23	A1	P20B3	EC.ET	0.060104974	0.162125249	0.255501719	0.342630991	0.437927988	0.63	0.82	
24	A1	P20B3	Control.ET	0.063970451	0.162044094	0.251475464	0.342603531	0.434142763	0.65	0.79	
55	B3	P20B5	AC.AT	0.163149884	0.228364895	0.276075898	0.333142196	0.386081639	0.66	0.81	
56	B3	P20B5	EC.AT	0.167641879	0.373785548	0.573366968	0.782314251	0.98341944	0.58	0.81	
57	B3	P20B5	Control.AT	0.171072444	0.224427326	0.277931299	0.331669682	0.381379137	0.54	0.81	
58	B3	P20B5	AC.ET	0.176315605	0.231985257	0.270814345	0.323998448	0.376499836	0.67	0.80	
59	B3	P20B5	EC.ET	0.17889206	0.347241879	0.533475459	0.707322057	0.884158098	0.59	0.81	
60	B3	P20B5	Control.ET	0.181362648	0.341205588	0.536149885	0.706424166	0.88937403	0.56	0.82	
31	A4	P20C2	AC.AT	0.085341337	0.164665785	0.256676977	0.342309313	0.42691731	0.62	0.81	
32	A4	P20C2	EC.AT	0.087394744	0.179488118	0.263449909	0.34209489	0.424121176	0.53	0.79	
33	A4	P20C2	Control.AT	0.090829876	0.161322341	0.257729979	0.345126652	0.429093806	0.6	0.82	
34	A4	P20C2	AC.ET	0.092746112	0.169181833	0.255644408	0.339289064	0.42666424	0.65	0.82	
35	A4	P20C2	EC.ET	0.095333352	0.180516372	0.265375076	0.339687091	0.415641598	0.64	0.83	
36	A4	P20C2	Control.ET	0.096911196	0.173687785	0.255769742	0.342240568	0.420871464	0.57	0.79	
19	C1	P20C3	AC.AT	0.042755819	0.271752275	0.497872985	0.734724111	0.968952805	0.54	0.81	
20	C1	P20C3	EC.AT	0.048058558	0.147833352	0.241793275	0.352048769	0.450356274	0.58	0.81	
21	C1	P20C3	Control.AT	0.054044092	0.157107092	0.256194457	0.349645104	0.44605442	0.55	0.81	
22	C1	P20C3	AC.ET	0.05806474	0.160592923	0.258610205	0.343307252	0.440856544	0.59	0.80	
23	C1	P20C3	EC.ET	0.06014309	0.161822752	0.257969179	0.344380542	0.434832801	0.63	0.80	
24	C1	P20C3	Control.ET	0.064222563	0.284915003	0.500510687	0.708023567	0.920609124	0.6	0.81	
19	A2	P20C5	AC.AT	0.04337206	0.151817194	0.245678939	0.350011051	0.447550931	0.57	0.82	
20	A2	P20C5	EC.AT	0.048275605	0.149660336	0.251477195	0.344785034	0.446452687	0.62	0.83	
21	A2	P20C5	Control.AT	0.05437515	0.157560509	0.250005863	0.345242148	0.442078726	0.58	0.80	
22	A2	P20C5	AC.ET	0.058640683	0.272598649	0.491875472	0.705037512	0.918236886	0.57	0.81	
23	A2	P20C5	EC.ET	0.060345999	0.149505788	0.251431518	0.347587299	0.445978599	0.67	0.81	
24	A2	P20C5	Control.ET	0.064237069	0.170901907	0.255309488	0.345432812	0.432831486	0.67	0.83	
61	C1	P20D2	AC.AT	0.185622738	0.384209753	0.565544873	0.770320805	0.964975431	0.6	0.81	
62	C1	P20D2	EC.AT	0.189279093	0.376408223	0.534608231	0.711121984	0.88084357	0.55	0.79	
63	C1	P20D2	Control.AT	0.192731751	0.237349412	0.287007993	0.323059997	0.364598436	0.63	0.82	
64	C1	P20D2	AC.ET	0.194801762	0.241274694	0.281187101	0.325794152	0.367209661	0.67	0.79	
65	C1	P20D2	EC.ET	0.198760092	0.245622689	0.2822332	0.324714843	0.36876977	0.61	0.80	
66	C1	P20D2	Control.ET	0.001213931	0.04248555	0.084913795	0.122676555	0.171255876	0.66	0.82	
43	B3	P21A2	AC.AT	0.115454088	0.356426635	0.589266715	0.825291493	1.065329628	0.55	0.80	
44	B3	P21A2	EC.AT	0.118564705	0.318227496	0.51362944	0.706787362	0.902856554	0.53	0.81	
45	B3	P21A2	Control.AT	0.121436841	0.196137416	0.262210378	0.335481459	0.405810556	0.57	0.82	
46	B3	P21A2	AC.ET	0.125389965	0.198817927	0.265327084	0.336648514	0.400784803	0.62	0.82	
47	B3	P21A2	EC.ET	0.129594801	0.196064311	0.271561974	0.33404237	0.405413307	0.55	0.83	
48	B3	P21A2	Control.ET	0.136056683	0.322403579	0.515208907	0.702379179	0.892255922	0.52	0.82	
7	B3	P21A3	AC.AT	0.039387206	0.184825097	0.324594016	0.466185525	0.616246971	0.64	0.83	
8	B3	P21A3	EC.AT	0.05560972	0.184515499	0.324045134	0.462764618	0.605811371	0.61	0.81	
9	B3	P21A3	Control.AT	0.167383709	0.296604787	0.42621563	0.565207859	0.694586643	0.46	0.83	
10	B3	P21A3	AC.ET	0.175183737	0.300934139	0.430085323	0.559194433	0.694061763	0.62	0.80	
11	B3	P21A3	EC.ET	0.187555111	0.451509851	0.696203655	0.956320294	1.207955128	0.67	0.82	
12	B3	P21A3	Control.ET	0.001682172	0.120937226	0.246257617	0.353521625	0.467532186	0.53	0.79	
61	B3	P21B1	AC.AT	0.185888033	0.237570737	0.281967389	0.327452903	0.374525835	0.55	0.82	
62	B3	P21B1	EC.AT	0.189532508	0.375252623	0.547184268	0.733432297	0.915818613	0.55	0.79	
63	B3	P21B1	Control.AT	0.192838672	0.22288926	0.280239515	0.326298089	0.376635829	0.59	0.82	
64	B3	P21B1	AC.ET	0.194997038	0.236906338	0.287770653	0.32467496	0.36368504	0.65	0.81	
65	B3	P21B1	EC.ET	0.198877372	0.3648701	0.54533001	0.708240105	0.872773688	0.61	0.80	
66	B3	P21B1	Control.ET	0.001461676	0.049449013	0.085985693	0.123759002	0.16574065	0.57	0.82	
7	A2	P21B2	AC.AT	0.039870033	0.16749929	0.321382831	0.466211293	0.613351851	0.62	0.83	
8	A2	P21B2	EC.AT	0.058188061	0.187227678	0.324209543	0.468697686	0.606087076	0.69	0.79	
9	A2	P21B2	Control.AT	0.16747937	0.302537393	0.432568377	0.565845153	0.699452344	0.61	0.80	
10	A2	P21B2	AC.ET	0.175312479	0.294689234	0.427536341	0.557954404	0.689773697	0.65	0.82	
11	A2	P21B2	EC.ET	0.189254073	0.45615095	0.707478632	0.961884203	1.22020875	0.67	0.80	
12	A2	P21B2	Control.ET	0.002142299	0.124762889	0.24324	0.357602414	0.470574556	0.63	0.81	
43	B4	P21B5	AC.AT	0.115636822	0.17086725	0.262956903	0.338435895	0.419346412	0.56	0.82	
44	B4	P21B5	EC.AT	0.118588692	0.208652061	0.269967483	0.334964833	0.403464387	0.5	0.80	
45	B4	P21B5	Control.AT	0.122378024	0.19971104	0.259963614	0.338450414	0.409832246	0.58	0.80	
46	B4	P21B5	AC.ET	0.125802215	0.197265151	0.261570424	0.338258416	0.406660813	0.6	0.82	
47	B4	P21B5	EC.ET	0.129624712	0.189941479	0.263928261	0.339205367	0.410242112	0.56	0.83	
48	B4	P21B5	Control.ET	0.136266846	0.189167767	0.264053669	0.336818194	0.407394092	0.56	0.80	
7	A1	P21D4	AC.AT	0.039947066	0.179389168	0.323766027	0.467241285	0.60989945	0.62	0.79	
8	A1	P21D4	EC.AT	0.05826889	0.191682618	0.3266414	0.465221232	0.602372859	0.65	0.81	
9	A1	P21D4	Control.AT	0.168167607	0.309349198	0.428081895	0.557180606	0.687137274	0.54	0.81	
10	A1	P21D4	AC.ET	0.178579358	0.303427203	0.431401466	0.558663544	0.683170716	0.58	0.82	
11	A1	P21D4	EC.ET	0.190961503	0.316573796	0.438255882	0.558583737	0.682125605	0.71	0.83	
12	A1	P21D4	Control.ET	0.002645699	0.112024105	0.234795677	0.353758039	0.47597228	0.62	0.81	
61	A4	P22A2	AC.AT	0.186207922	0.231324538	0.279654129	0.326070077	0.373620615	0.59	0.82	
62	A4	P22A2	EC.AT	0.189789895	0.238782251	0.28705042	0.325176983	0.367939677	0.66	0.81	
63	A4	P22A2	Control.AT	0.192858385	0.373585029	0.538586478	0.70724812	0.88186672	0.63	0.81	
64	A4	P22A2	AC.ET	0.195825212	0.37923822	0.543447752	0.709597338	0.8728192	0.69	0.80	
65	A4	P22A2	EC.ET	0.198877839	0.231060071	0.283300926	0.323565212	0.369630715	0.69	0.80	
66	A4	P22A2	Control.ET	0.001750461	0.035992161	0.07572174	0.123243628	0.169361674	0.62	0.79	
61	B4	P22A3	AC.AT	0.186262942	0.411147597	0.622408796	0.851445971	1.070465365	0.63	0.81	
62	B4	P22A3	EC.AT	0.189802849	0.238253705	0.280670253	0.32507345	0.368280882	0.61	0.80	
63	B4	P22A3	Control.AT	0.192947171	0.373804393	0.539531115	0.718136028	0.885908252	0.62	0.82	
64	B4	P22A3	AC.ET	0.195843604	0.371080949	0.53686225	0.711116142	0.878597772	0.6	0.81	
65	B4	P22A3	EC.ET	0.199034136	0.383317605	0.574546961	0.766659829	0.958253874	0.67	0.80	
66	B4	P22A3	Control.ET	0.001914099	0.040030326	0.07952424	0.124589816	0.162712298	0.63	0.82	
1	A3	P22B1	AC.AT	0.07349051	0.164391539	0.261410395	0.34308806	0.431119916	0.68	0.82	
2	A3	P22B1	EC.AT	0.031792756	0.048465725	0.086776783	0.117157507	0.150990868	0.7	0.79	
3	A3	P22B1	Control.AT	0.091676659	0.193504212	0.27330247	0.348769962	0.431885238	0.64	0.83	
4	A3	P22B1	AC.ET	0.002303904	0.15778632	0.31806379	0.473591713	0.6264935	0.63	0.81	
5	A3	P22B1	EC.ET	0.017961082	0.175989401	0.328565387	0.469140057	0.615152507	0.69	0.80	
6	A3	P22B1	Control.ET	0.029391192	0.173452107	0.319691797	0.469589703	0.620446585	0.63	0.81	
67	B2	P22B3	AC.AT	0.006316412	0.046025129	0.092144201	0.123323702	0.156563041	0.69	0.82	
68	B2	P22B3	EC.AT	0.009155277	0.062005353	0.091328418	0.119876094	0.15467636	0.57	0.82	
69	B2	P22B3	Control.AT	0.013191887	0.060095095	0.088349039	0.123720023	0.154421919	0.65	0.80	
70	B2	P22B3	AC.ET	0.015915432	0.045274267	0.087337525	0.122639314	0.154356689	0.65	0.79	
71	B2	P22B3	EC.ET	0.018729073	0.051716188	0.081071724	0.118244013	0.15763991	0.65	0.80	
72	B2	P22B3	Control.ET	0.020942382	0.053159494	0.079174564	0.122547016	0.158235586	0.58	0.82	
37	A4	P22B4	AC.AT	0.099089365	0.190644089	0.256982866	0.342521166	0.418460846	0.64	0.82	
38	A4	P22B4	EC.AT	0.102271159	0.178952464	0.253142719	0.341413369	0.425307785	0.53	0.82	
39	A4	P22B4	Control.AT	0.103967738	0.186776601	0.268384286	0.337739175	0.412015456	0.6	0.83	
40	A4	P22B4	AC.ET	0.108287224	0.18916021	0.267333195	0.337846145	0.41098044	0.66	0.80	
41	A4	P22B4	EC.ET	0.110050891	0.176934526	0.259385405	0.341826261	0.420581797	0.63	0.80	
42	A4	P22B4	Control.ET	0.112466129	0.183447185	0.271239036	0.339839062	0.410249124	0.62	0.82	
1	B4	P22C4	AC.AT	0.138031973	0.19081767	0.266632891	0.337894443	0.406866916	0.62	0.81	
2	B4	P22C4	EC.AT	0.029840146	0.212763453	0.391318057	0.573005867	0.75397654	0.61	0.83	
3	B4	P22C4	Control.AT	0.018839767	0.093966335	0.178133332	0.262071497	0.342318009	0.59	0.82	
4	B4	P22C4	AC.ET	0.005185715	0.160983524	0.310879732	0.474937169	0.627156971	0.57	0.80	
5	B4	P22C4	EC.ET	0.019452893	0.165851739	0.320337949	0.467804882	0.617970346	0.64	0.80	
6	B4	P22C4	Control.ET	0.030714223	0.173077141	0.317981182	0.469127171	0.610060507	0.67	0.80	
1	C3	P22C5	AC.AT	0.441413099	0.587834917	0.742964814	0.903072248	1.061528512	0.66	0.79	
2	C3	P22C5	EC.AT	0.038361683	0.052970085	0.090798492	0.119656511	0.149820901	0.6	0.82	
3	C3	P22C5	Control.AT	0.02331356	0.086471693	0.172762538	0.263344892	0.343942728	0.6	0.82	
4	C3	P22C5	AC.ET	0.569014384	0.810010047	1.033886665	1.2621253	1.490824877	0.57	0.82	
5	C3	P22C5	EC.ET	0.020483128	0.181347825	0.319556203	0.472963703	0.618070506	0.57	0.80	
6	C3	P22C5	Control.ET	0.030790718	0.190889842	0.323694888	0.465216465	0.608090564	0.62	0.83	
67	B4	P22C6	AC.AT	0.006737744	0.16900178	0.343025694	0.508776943	0.672744136	0.68	0.81	
68	B4	P22C6	EC.AT	0.009450264	0.169744827	0.335482845	0.51089787	0.682774338	0.56	0.83	
69	B4	P22C6	Control.AT	0.013268705	0.039725318	0.0782385	0.122939943	0.161268686	0.63	0.83	
70	B4	P22C6	AC.ET	0.015988407	0.048669093	0.084775168	0.120644756	0.161888697	0.65	0.80	
71	B4	P22C6	EC.ET	0.018907773	0.171550387	0.345943543	0.515090847	0.679970542	0.6	0.81	
72	B4	P22C6	Control.ET	0.021297733	0.050561131	0.083865506	0.118457366	0.154436699	0.54	0.81	
1	B3	P22D3	AC.AT	0.096416863	0.173043382	0.233170868	0.30704164	0.374964643	0.66	0.81	
2	B3	P22D3	EC.AT	0.025518096	0.054863841	0.084317937	0.114632276	0.145692869	0.69	0.79	
3	B3	P22D3	Control.AT	0.011734717	0.089207275	0.172408221	0.256674967	0.339286365	0.68	0.79	
4	B3	P22D3	AC.ET	0.007282568	0.15328955	0.316901687	0.477968636	0.63505123	0.6	0.81	
5	B3	P22D3	EC.ET	0.020865797	0.178942673	0.322108611	0.47208413	0.617675072	0.63	0.79	
6	B3	P22D3	Control.ET	0.030885647	0.170439195	0.318343766	0.470935717	0.614490425	0.61	0.82	
1	B1	P22D4	AC.AT	0.03800546	0.182537455	0.34411153	0.510261693	0.668695173	0.65	0.79	
2	B1	P22D4	EC.AT	0.015275448	0.101336234	0.176478082	0.261623913	0.344435583	0.71	0.83	
3	B1	P22D4	Control.AT	0.000735358	0.085232178	0.170126191	0.248872935	0.33436561	0.66	0.81	
4	B1	P22D4	AC.ET	0.007761234	0.156274832	0.316096138	0.472295899	0.625748396	0.61	0.79	
5	B1	P22D4	EC.ET	0.021629556	0.17581387	0.326286667	0.469336734	0.615434795	0.67	0.81	
6	B1	P22D4	Control.ET	0.032635999	0.18269922	0.324104121	0.467606205	0.617836186	0.66	0.81	
1	A4	P22D5	AC.AT	0.033679181	0.055462947	0.094839722	0.115210753	0.144927678	0.67	0.82	
2	A4	P22D5	EC.AT	0.093794699	0.189482764	0.275370094	0.35445358	0.435800871	0.66	0.80	
3	A4	P22D5	Control.AT	0.015733649	0.090499378	0.173572601	0.256493797	0.340274338	0.63	0.80	
4	A4	P22D5	AC.ET	0.009383326	0.166237475	0.313160447	0.471620294	0.622973131	0.59	0.80	
5	A4	P22D5	EC.ET	0.022548149	0.165419262	0.325981835	0.473113615	0.618765571	0.66	0.82	
6	A4	P22D5	Control.ET	0.033688754	0.17092352	0.327203539	0.466658664	0.617301473	0.64	0.80	
61	C2	P23A2	AC.AT	0.186331758	0.235149009	0.281936715	0.326701338	0.373194856	0.59	0.80	
62	C2	P23A2	EC.AT	0.190286407	0.36887795	0.537471052	0.709290149	0.87327432	0.58	0.80	
63	C2	P23A2	Control.AT	0.193055796	0.236872248	0.278903061	0.3260961	0.363814402	0.56	0.80	
64	C2	P23A2	AC.ET	0.195857719	0.358030427	0.541508909	0.710605424	0.879742947	0.6	0.81	
65	C2	P23A2	EC.ET	0.199242893	0.363548486	0.54125605	0.709117308	0.87315081	0.65	0.80	
66	C2	P23A2	Control.ET	0.002022278	0.173196814	0.339276641	0.508963193	0.676027824	0.65	0.80	
1	A2	P24A1	AC.AT	0.029590581	0.20031477	0.354018925	0.507904933	0.667031064	0.7	0.80	
2	A2	P24A1	EC.AT	0.218629027	0.302024301	0.384452174	0.465425311	0.545536802	0.71	0.82	
3	A2	P24A1	Control.AT	0.288317514	0.393957668	0.458861012	0.544173681	0.629196321	0.69	0.82	
4	A2	P24A1	AC.ET	0.011162399	0.158456826	0.313861667	0.473328871	0.621748544	0.61	0.80	
5	A2	P24A1	EC.ET	0.022872246	0.174359622	0.327546569	0.471349124	0.616536484	0.6	0.80	
6	A2	P24A1	Control.ET	0.034494104	0.184364658	0.326023027	0.469758283	0.612592411	0.65	0.81	
37	A2	P24A2	AC.AT	0.099651154	0.181860155	0.261548631	0.339093037	0.424891011	0.6	0.80	
38	A2	P24A2	EC.AT	0.102516216	0.190255957	0.25829311	0.336333753	0.418226013	0.58	0.82	
39	A2	P24A2	Control.AT	0.104293268	0.377323283	0.626604244	0.880139938	1.13390133	0.65	0.80	
40	A2	P24A2	AC.ET	0.108291484	0.199222909	0.269847203	0.335771271	0.410652218	0.64	0.79	
41	A2	P24A2	EC.ET	0.110442864	0.175613498	0.255848955	0.338629252	0.417099335	0.62	0.81	
42	A2	P24A2	Control.ET	0.112504675	0.177905992	0.253761772	0.341737748	0.420177457	0.64	0.79	
61	A1	P24A3	AC.AT	0.187875047	0.244675327	0.279341993	0.323493161	0.367796748	0.58	0.82	
62	A1	P24A3	EC.AT	0.190490469	0.235499998	0.278438471	0.325630215	0.375324544	0.56	0.80	
63	A1	P24A3	Control.AT	0.193154639	0.232214383	0.275301395	0.323191174	0.372112368	0.61	0.79	
64	A1	P24A3	AC.ET	0.195981124	0.25137335	0.278944317	0.320752804	0.363762862	0.68	0.81	
65	A1	P24A3	EC.ET	1.88667E-05	0.042969653	0.0777455	0.126450511	0.165309485	0.61	0.80	
66	A1	P24A3	Control.ET	0.002810435	0.204664866	0.378194093	0.561371402	0.746327164	0.65	0.82	
37	A1	P24A4	AC.AT	0.09991975	0.188838927	0.262137337	0.340628802	0.417272538	0.61	0.80	
38	A1	P24A4	EC.AT	0.102759025	0.164423414	0.2584647	0.343889468	0.425867361	0.57	0.81	
39	A1	P24A4	Control.AT	0.104413157	0.188993087	0.262117609	0.338033159	0.413687677	0.66	0.81	
40	A1	P24A4	AC.ET	0.108295217	0.182674014	0.258703668	0.338358667	0.42090326	0.7	0.82	
41	A1	P24A4	EC.ET	0.110804667	0.18863611	0.256470146	0.339882565	0.419379617	0.67	0.82	
42	A1	P24A4	Control.ET	0.112530417	0.335085481	0.568063849	0.795708144	1.019997832	0.65	0.79	
37	C2	P24A5	AC.AT	0.100072421	0.179923387	0.255688885	0.342799197	0.418540842	0.48	0.81	
38	C2	P24A5	EC.AT	0.102764401	0.173929702	0.263368344	0.339174524	0.426018766	0.52	0.82	
39	C2	P24A5	Control.AT	0.104732742	0.181785863	0.265016608	0.340418806	0.413027472	0.61	0.83	
40	C2	P24A5	AC.ET	0.108316954	0.326331457	0.510135929	0.706708342	0.905970403	0.64	0.80	
41	C2	P24A5	EC.ET	0.110816514	0.190155412	0.25949146	0.341166821	0.418141072	0.64	0.82	
42	C2	P24A5	Control.ET	0.112871946	0.194089213	0.269508684	0.335664165	0.407291469	0.56	0.81	
67	C4	P24B1	AC.AT	0.007022191	0.051862616	0.088270847	0.12589155	0.161846329	0.69	0.80	
68	C4	P24B1	EC.AT	0.009686118	0.171696447	0.344455554	0.509469378	0.680388584	0.6	0.79	
69	C4	P24B1	Control.AT	0.013472329	0.040948142	0.080626093	0.123579739	0.160341977	0.68	0.79	
70	C4	P24B1	AC.ET	0.016156867	0.047340987	0.091970133	0.123874539	0.155400794	0.67	0.81	
71	C4	P24B1	EC.ET	0.018923632	0.19358967	0.341824403	0.50299994	0.665477412	0.66	0.82	
72	C4	P24B1	Control.ET	0.021555366	0.056874458	0.087255106	0.120162393	0.155964297	0.56	0.79	
37	B4	P24B3	AC.AT	0.10050405	0.183076593	0.253428577	0.342009499	0.424168617	0.62	0.80	
38	B4	P24B3	EC.AT	0.102855125	0.18991552	0.257855065	0.341109445	0.412617968	0.59	0.81	
39	B4	P24B3	Control.AT	0.10516032	0.185883344	0.25433389	0.344747208	0.424325974	0.55	0.81	
40	B4	P24B3	AC.ET	0.108359956	0.180552886	0.257586773	0.336419741	0.414236505	0.65	0.80	
41	B4	P24B3	EC.ET	0.110825367	0.18932323	0.271066654	0.336918413	0.408728362	0.63	0.81	
42	B4	P24B3	Control.ET	0.113020013	0.312982198	0.508380868	0.705083603	0.90033661	0.56	0.81	
37	C3	P24B5	AC.AT	0.100738782	0.306525242	0.521662249	0.722983961	0.928681957	0.62	0.81	
38	C3	P24B5	EC.AT	0.102959429	0.189667881	0.261050214	0.337177416	0.413215646	0.51	0.80	
39	C3	P24B5	Control.AT	0.105335975	0.177957759	0.265593684	0.340551202	0.422644387	0.59	0.80	
40	C3	P24B5	AC.ET	0.10838229	0.346042532	0.595746366	0.835215131	1.08678747	0.64	0.82	
41	C3	P24B5	EC.ET	0.111006543	0.168946207	0.256076426	0.337766429	0.422054586	0.64	0.81	
42	C3	P24B5	Control.ET	0.113935972	0.176364589	0.268511419	0.339879096	0.414935877	0.53	0.79	
1	A1	P24B6	AC.AT	0.025244857	0.040527163	0.091645412	0.121981919	0.156723249	0.7	0.81	
2	A1	P24B6	EC.AT	0.096556743	0.185093623	0.271184043	0.349868244	0.435472678	0.73	0.81	
3	A1	P24B6	Control.AT	0.272657619	0.357592813	0.457409943	0.545945788	0.641711828	0.67	0.82	
4	A1	P24B6	AC.ET	0.011197622	0.314185021	0.618663985	0.92003681	1.2253468	0.59	0.81	
5	A1	P24B6	EC.ET	0.02293617	0.184298246	0.328944503	0.465076355	0.613253247	0.71	0.80	
6	A1	P24B6	Control.ET	0.034690087	0.172634559	0.316723993	0.472566504	0.617706385	0.7	0.80	
37	B1	P24C1	AC.AT	0.100766997	0.173772887	0.255709918	0.339938835	0.4245075	0.61	0.82	
38	B1	P24C1	EC.AT	0.103412393	0.343132421	0.597678089	0.849533451	1.103043309	0.55	0.82	
39	B1	P24C1	Control.AT	0.10618631	0.187189501	0.26978548	0.337722373	0.409423813	0.62	0.82	
40	B1	P24C1	AC.ET	0.108415117	0.184125202	0.266303055	0.335153032	0.410085383	0.66	0.81	
41	B1	P24C1	EC.ET	0.111462553	0.190776911	0.259760215	0.340642239	0.416412941	0.62	0.83	
42	B1	P24C1	Control.ET	0.113936219	0.175674084	0.25597742	0.339762763	0.415338761	0.58	0.81	
1	C1	P24C6	AC.AT	0.031848505	0.064209375	0.086164749	0.121831918	0.149951604	0.73	0.79	
2	C1	P24C6	EC.AT	0.014320699	0.1000366	0.180681086	0.261028916	0.342193134	0.74	0.79	
3	C1	P24C6	Control.AT	0.094167264	0.240620103	0.411674092	0.574260717	0.740286391	0.67	0.79	
4	C1	P24C6	AC.ET	0.011543184	0.175630293	0.324420223	0.467904201	0.619477231	0.65	0.82	
5	C1	P24C6	EC.ET	0.022978034	0.172209337	0.32062381	0.473780486	0.625516109	0.64	0.80	
6	C1	P24C6	Control.ET	0.035046449	0.191865574	0.323992503	0.464004444	0.608281453	0.69	0.83	
1	C2	P24D4	AC.AT	0.033741605	0.059235356	0.08884017	0.113871111	0.141763226	0.71	0.80	
2	C2	P24D4	EC.AT	0.099852907	0.196861762	0.272149732	0.356178185	0.436103155	0.69	0.81	
3	C2	P24D4	Control.AT	0.098016564	0.264530917	0.419300794	0.573736626	0.729830119	0.72	0.81	
4	C2	P24D4	AC.ET	0.014463396	0.161944091	0.321312725	0.473266392	0.62955631	0.65	0.81	
5	C2	P24D4	EC.ET	0.024304695	0.171952951	0.317332749	0.473890651	0.625685949	0.65	0.81	
6	C2	P24D4	Control.ET	0.035080756	0.171590015	0.322270294	0.467363599	0.613019759	0.66	0.82	
31	A3	P24D5	AC.AT	0.085439762	0.172724564	0.253707401	0.343585029	0.427572193	0.59	0.80	
32	A3	P24D5	EC.AT	0.087868522	0.296471339	0.49513655	0.708349592	0.91804591	0.56	0.81	
33	A3	P24D5	Control.AT	0.091010903	0.177381051	0.252902605	0.34129049	0.424750902	0.61	0.83	
34	A3	P24D5	AC.ET	0.093037247	0.171982781	0.254487494	0.338937873	0.421152902	0.65	0.81	
35	A3	P24D5	EC.ET	0.095373385	0.168484035	0.253884016	0.344290126	0.42520526	0.57	0.80	
36	A3	P24D5	Control.ET	0.097054548	0.300759095	0.506885342	0.707137722	0.908863126	0.53	0.80	
37	B2	P25A1	AC.AT	0.100786999	0.175643161	0.262800641	0.337544725	0.419510301	0.63	0.82	
38	B2	P25A1	EC.AT	0.103478255	0.172453607	0.256536135	0.338829245	0.420439192	0.59	0.81	
39	B2	P25A1	Control.AT	0.106765604	0.185866962	0.258215904	0.339506856	0.423079194	0.6	0.82	
40	B2	P25A1	AC.ET	0.108584234	0.320550695	0.520153134	0.72835743	0.93074016	0.67	0.82	
41	B2	P25A1	EC.ET	0.111630533	0.3129276	0.50247328	0.707162021	0.912335262	0.54	0.81	
42	B2	P25A1	Control.ET	0.113965554	0.185632957	0.271112839	0.334339951	0.409256419	0.64	0.81	
43	C1	P25A3	AC.AT	0.11620333	0.174412714	0.256099004	0.338278241	0.417278663	0.59	0.80	
44	C1	P25A3	EC.AT	0.118878524	0.207463375	0.26573472	0.333817415	0.403583708	0.65	0.81	
45	C1	P25A3	Control.AT	0.122745823	0.186798742	0.269053281	0.336061379	0.412358341	0.6	0.80	
46	C1	P25A3	AC.ET	0.126422122	0.324529384	0.512362533	0.707876944	0.899485668	0.67	0.83	
47	C1	P25A3	EC.ET	0.131596814	0.187116457	0.261797762	0.334751345	0.410103876	0.66	0.82	
48	C1	P25A3	Control.ET	0.13638406	0.20233734	0.275822301	0.334911376	0.397980454	0.59	0.80	
31	B4	P25A4	AC.AT	0.085506557	0.165487923	0.255859404	0.348215363	0.436069536	0.54	0.79	0.013375431
32	B4	P25A4	EC.AT	0.08808512	0.173338402	0.25031119	0.343356208	0.432033111	0.49	0.82	0.011309343
33	B4	P25A4	Control.AT	0.091101237	0.166170842	0.256338883	0.343208499	0.427150679	0.57	0.82	0.01442247
34	B4	P25A4	AC.ET	0.093120289	0.189598306	0.255924559	0.341475969	0.419450219	0.64	0.81	0.016085775
35	B4	P25A4	EC.ET	0.095677709	0.184096806	0.262675383	0.343062348	0.421054482	0.6	0.82	0.014853685
36	B4	P25A4	Control.ET	0.0970949	0.172501347	0.252419374	0.341219344	0.429581315	0.59	0.80	0.014910666
37	B3	P1C2	AC.AT	0.101685401	0.173256741	0.259147469	0.338555598	0.421205791	0.62	0.81	
38	B3	P1C2	EC.AT	0.103749163	0.184549212	0.258570225	0.337283432	0.413539799	0.55	0.83	
39	B3	P1C2	Control.AT	0.106794765	0.188841394	0.261255342	0.337200485	0.421444551	0.59	0.81	
40	B3	P1C2	AC.ET	0.108872989	0.315503171	0.514569632	0.71102626	0.904462125	0.64	0.82	
41	B3	P1C2	EC.ET	0.111887194	0.195765405	0.264471987	0.338077288	0.411619407	0.59	0.80	
42	B3	P1C2	Control.ET	0.113990141	0.190691116	0.263671587	0.336235291	0.410523071	0.57	0.82	
37	C4	P25C3	AC.AT	0.101992825	0.181218459	0.264126232	0.343063424	0.421704175	0.62	0.82	
38	C4	P25C3	EC.AT	0.103779495	0.185639265	0.264073907	0.340931797	0.415049171	0.55	0.80	
39	C4	P25C3	Control.AT	0.10697055	0.179439098	0.268758981	0.342188148	0.41615687	0.64	0.82	
40	C4	P25C3	AC.ET	0.109307776	0.189227588	0.264517669	0.334572128	0.407514585	0.68	0.83	
41	C4	P25C3	EC.ET	0.112108183	0.193026986	0.258802181	0.336588224	0.414109703	0.66	0.80	
42	C4	P25C3	Control.ET	0.114084903	0.176112191	0.263459699	0.338347652	0.418357132	0.57	0.80	
37	C1	P25D4	AC.AT	0.102107364	0.179375116	0.267582888	0.340005859	0.417993408	0.62	0.80	
38	C1	P25D4	EC.AT	0.103784912	0.177786324	0.262545082	0.342880969	0.424607441	0.52	0.79	
39	C1	P25D4	Control.AT	0.107053776	0.310212568	0.518220644	0.723314506	0.926140234	0.65	0.80	
40	C1	P25D4	AC.ET	0.109554552	0.174513771	0.262539044	0.337888224	0.419987209	0.66	0.81	
41	C1	P25D4	EC.ET	0.112210594	0.195397443	0.267365696	0.342048558	0.415755381	0.65	0.81	
42	C1	P25D4	Control.ET	0.114136845	0.350276463	0.59829152	0.846914853	1.095299673	0.65	0.81	
49	C3	P2A4	AC.AT	0.141146254	0.207139229	0.269390076	0.334838323	0.392984807	0.54	0.83	
50	C3	P2A4	EC.AT	0.143236922	0.198422772	0.274866233	0.334562104	0.40073966	0.54	0.81	
51	C3	P2A4	Control.AT	0.148471705	0.212666821	0.276018587	0.334270138	0.391810142	0.51	0.80	
52	C3	P2A4	AC.ET	0.150597903	0.206998387	0.274569209	0.327523208	0.389351767	0.63	0.83	
53	C3	P2A4	EC.ET	0.154805094	0.401879904	0.634680241	0.874885828	1.113656124	0.53	0.83	
54	C3	P2A4	Control.ET	0.160372882	0.205783475	0.274798232	0.329046017	0.390192642	0.58	0.83	
55	B4	P2A6	AC.AT	0.163170452	0.216886238	0.273053167	0.329236824	0.381780514	0.64	0.83	
56	B4	P2A6	EC.AT	0.167769117	0.206675534	0.279888521	0.327188628	0.388028445	0.61	0.81	
57	B4	P2A6	Control.AT	0.171793143	0.23557544	0.279349965	0.326540378	0.3747268	0.56	0.80	
58	B4	P2A6	AC.ET	0.176327372	0.229615328	0.272966652	0.329917187	0.377061004	0.6	0.82	
59	B4	P2A6	EC.ET	0.179127849	0.210566601	0.269652685	0.330261524	0.38324687	0.64	0.81	
60	B4	P2A6	Control.ET	0.181821242	0.216274547	0.281187292	0.325913393	0.380425931	0.61	0.83	
49	C4	P2B2	AC.AT	0.141290507	0.220952175	0.269546653	0.332025349	0.390885371	0.56	0.83	
50	C4	P2B2	EC.AT	0.143310177	0.205690009	0.268241192	0.332211235	0.401804946	0.55	0.80	
51	C4	P2B2	Control.AT	0.148953588	0.211070636	0.274911836	0.329628056	0.395619304	0.62	0.79	
52	C4	P2B2	AC.ET	0.150974945	0.198129979	0.26671889	0.332240713	0.399661026	0.63	0.79	
53	C4	P2B2	EC.ET	0.155252457	0.212687008	0.275341042	0.327522264	0.387741432	0.66	0.82	
54	C4	P2B2	Control.ET	0.160433442	0.368613305	0.562148436	0.769868563	0.969250272	0.55	0.80	
49	A3	P2B5	AC.AT	0.14131558	0.198422089	0.271081626	0.335255231	0.399594236	0.57	0.81	
50	A3	P2B5	EC.AT	0.143443137	0.20338371	0.275418657	0.336026039	0.396778342	0.5	0.83	
51	A3	P2B5	Control.AT	0.149169324	0.325076933	0.518516309	0.704411955	0.892031292	0.54	0.81	
52	A3	P2B5	AC.ET	0.151325873	0.370107025	0.614575736	0.852212993	1.089045987	0.64	0.83	
53	A3	P2B5	EC.ET	0.155681881	0.210986204	0.275151185	0.327394871	0.384758793	0.58	0.80	
54	A3	P2B5	Control.ET	0.161142631	0.210095133	0.271934525	0.333407447	0.38932935	0.59	0.79	
19	A4	P2C6	AC.AT	0.043419018	0.146775722	0.251463009	0.351136403	0.448888511	0.63	0.79	
20	A4	P2C6	EC.AT	0.048945651	0.158958564	0.253308631	0.350760455	0.44555592	0.67	0.83	
21	A4	P2C6	Control.AT	0.05551283	0.145624745	0.249241413	0.348711801	0.442396767	0.55	0.81	
22	A4	P2C6	AC.ET	0.058754651	0.161390591	0.249983568	0.346788236	0.437570346	0.56	0.80	
23	A4	P2C6	EC.ET	0.0604866	0.155366744	0.258002323	0.347941876	0.442413793	0.69	0.83	
24	A4	P2C6	Control.ET	0.064347017	0.161505792	0.253665047	0.345964472	0.435819241	0.67	0.82	
25	C2	P3A1	AC.AT	0.065580311	0.162853371	0.257733611	0.344776908	0.431960535	0.67	0.81	
26	C2	P3A1	EC.AT	0.069294541	0.169083369	0.254338958	0.343810904	0.430572302	0.7	0.79	
27	C2	P3A1	Control.AT	0.070951357	0.164655517	0.25048918	0.347894147	0.440173105	0.51	0.82	
28	C2	P3A1	AC.ET	0.074468717	0.153912851	0.252516192	0.346902694	0.437872504	0.68	0.80	
29	C2	P3A1	EC.ET	0.077742647	0.307710352	0.506661476	0.725050894	0.93374404	0.59	0.81	
30	C2	P3A1	Control.ET	0.082173137	0.165190692	0.253476902	0.340854549	0.428296897	0.63	0.81	
19	C3	P3A2	AC.AT	0.043546668	0.14680488	0.252632326	0.349891273	0.447879289	0.55	0.83	
20	C3	P3A2	EC.AT	0.049120198	0.315648519	0.589439524	0.862930519	1.13568623	0.55	0.83	
21	C3	P3A2	Control.AT	0.055550922	0.167958528	0.253692795	0.344862175	0.438116933	0.49	0.79	
22	C3	P3A2	AC.ET	0.058852145	0.268748273	0.489482791	0.710198375	0.923409033	0.57	0.80	
23	C3	P3A2	EC.ET	0.060837673	0.152016663	0.251347967	0.345115882	0.4409816	0.61	0.82	
24	C3	P3A2	Control.ET	0.064699383	0.146517152	0.245987848	0.350236715	0.445686549	0.51	0.81	
25	B2	P3A4	AC.AT	0.065643459	0.130441232	0.258682134	0.384820405	0.410547097	0.61	0.82	
26	B2	P3A4	EC.AT	0.069417868	0.160781108	0.253924974	0.344076212	0.432504329	0.61	0.82	
27	B2	P3A4	Control.AT	0.070970287	0.154159573	0.257198668	0.344342227	0.438216363	0.48	0.80	
28	B2	P3A4	AC.ET	0.074824385	0.167452639	0.257289666	0.340511823	0.427415312	0.59	0.81	
29	B2	P3A4	EC.ET	0.077892558	0.167223111	0.251098636	0.341840347	0.432985315	0.55	0.80	
30	B2	P3A4	Control.ET	0.082426428	0.168127113	0.253386677	0.343055336	0.434887879	0.65	0.79	
31	A1	P3A5	AC.AT	0.085637338	0.173100075	0.254440184	0.339332397	0.423520711	0.64	0.81	
32	A1	P3A5	EC.AT	0.08834491	0.181756263	0.256475375	0.339414462	0.420486881	0.57	0.80	
33	A1	P3A5	Control.AT	0.091219243	0.168253542	0.256941132	0.341437351	0.425513626	0.67	0.83	
34	A1	P3A5	AC.ET	0.093197953	0.172529767	0.256941062	0.341308875	0.430015889	0.68	0.81	
35	A1	P3A5	EC.ET	0.095680778	0.182120171	0.266240957	0.338906811	0.418680729	0.63	0.80	
36	A1	P3A5	Control.ET	0.097495715	0.177469611	0.254708665	0.337973511	0.418139914	0.56	0.80	
25	B1	P3B1	AC.AT	0.065683721	0.165868203	0.246230847	0.343938908	0.440337523	0.61	0.79	
26	B1	P3B1	EC.AT	0.069745225	0.160728249	0.256696729	0.345059933	0.440600071	0.66	0.79	
27	B1	P3B1	Control.AT	0.071418738	0.163623233	0.249737737	0.343588571	0.435846909	0.57	0.79	
28	B1	P3B1	AC.ET	0.075544939	0.286456271	0.303273635	0.309442333	0.41402341	0.69	0.80	
29	B1	P3B1	EC.ET	0.078354945	0.158180797	0.260335503	0.347369286	0.432966966	0.6	0.80	
30	B1	P3B1	Control.ET	0.082758981	0.16660702	0.256679769	0.338329381	0.424039862	0.65	0.82	
25	B4	P3B2	AC.AT	0.065954502	0.164431313	0.248865134	0.344963374	0.439331998	0.62	0.82	
26	B4	P3B2	EC.AT	0.069987966	0.162984206	0.253011324	0.342457907	0.438176371	0.68	0.79	
27	B4	P3B2	Control.AT	0.071713241	0.280302176	0.489745132	0.708784853	0.92473471	0.55	0.81	
28	B4	P3B2	AC.ET	0.075934629	0.171175908	0.252104449	0.347724393	0.435160101	0.62	0.82	
29	B4	P3B2	EC.ET	0.078835746	0.179239421	0.263155772	0.341146278	0.424567187	0.53	0.81	
30	B4	P3B2	Control.ET	0.082812442	0.170825443	0.254562888	0.340591566	0.430817657	0.6	0.81	
25	C1	P3C1	AC.AT	0.066207599	0.156213677	0.248844467	0.344351444	0.437662356	0.62	0.80	
26	C1	P3C1	EC.AT	0.07001974	0.16927574	0.260934957	0.341420138	0.432221502	0.68	0.81	
27	C1	P3C1	Control.AT	0.072168006	0.165595585	0.249843941	0.348362345	0.43988292	0.56	0.82	
28	C1	P3C1	AC.ET	0.076478978	0.156552342	0.253894754	0.345570595	0.437360487	0.64	0.83	
29	C1	P3C1	EC.ET	0.078954174	0.324392489	0.593706042	0.843709311	1.105069983	0.54	0.81	
30	C1	P3C1	Control.ET	0.082818281	0.163611779	0.248811498	0.34667402	0.432761209	0.64	0.81	
25	B3	P3C2	AC.AT	0.066734579	0.158643588	0.248099798	0.349300581	0.442263496	0.63	0.79	
26	B3	P3C2	EC.AT	0.070039962	0.163890617	0.252219536	0.342519685	0.431414685	0.64	0.81	
27	B3	P3C2	Control.AT	0.072512351	0.170961014	0.260854336	0.344262586	0.432489037	0.5	0.81	
28	B3	P3C2	AC.ET	0.076738316	0.171719651	0.250583338	0.343772159	0.434563928	0.63	0.83	
29	B3	P3C2	EC.ET	0.079022982	0.16894369	0.254959805	0.345008205	0.429342961	0.57	0.81	
30	B3	P3C2	Control.ET	0.082959445	0.172643343	0.262101304	0.338706298	0.42320401	0.63	0.82	
25	A2	P3C4	AC.AT	0.067368388	0.170007049	0.259239067	0.340565319	0.432170399	0.66	0.81	
26	A2	P3C4	EC.AT	0.070094839	0.15586538	0.253078067	0.343770223	0.439551782	0.61	0.81	
27	A2	P3C4	Control.AT	0.073224942	0.174011378	0.25090501	0.33997566	0.429755525	0.54	0.82	
28	A2	P3C4	AC.ET	0.076855336	0.177920925	0.255517524	0.341776331	0.426695917	0.65	0.80	
29	A2	P3C4	EC.ET	0.079451995	0.157590638	0.259464093	0.346868569	0.437591938	0.56	0.83	
30	A2	P3C4	Control.ET	0.083588878	0.170664105	0.255632011	0.340295225	0.429312329	0.66	0.79	
7	C2	P3C6	AC.AT	0.043084542	0.167249036	0.319201398	0.466759571	0.613635313	0.62	0.81	
8	C2	P3C6	EC.AT	0.438505461	0.652029879	0.856679025	1.061993978	1.269969248	0.66	0.81	
9	C2	P3C6	Control.AT	0.168323137	0.310731976	0.427318144	0.559835508	0.689674532	0.55	0.80	
10	C2	P3C6	AC.ET	0.179446913	0.308716968	0.424113191	0.560813418	0.693657839	0.56	0.81	
11	C2	P3C6	EC.ET	0.191020351	0.452937288	0.727219845	0.99826532	1.269637136	0.62	0.81	
12	C2	P3C6	Control.ET	0.003485018	0.115060127	0.234225429	0.352464193	0.47239772	0.66	0.81	
25	A1	P3D1	AC.AT	0.068275445	0.149550594	0.248756189	0.348971501	0.441950598	0.64	0.81	
26	A1	P3D1	EC.AT	0.07017105	0.154143025	0.245314295	0.34959142	0.444526814	0.66	0.80	
27	A1	P3D1	Control.AT	0.073579408	0.17382461	0.253067669	0.346907811	0.43222128	0.66	0.80	
28	A1	P3D1	AC.ET	0.077044774	0.308969626	0.536915894	0.754976697	0.973154764	0.69	0.81	
29	A1	P3D1	EC.ET	0.079558627	0.168859503	0.248092578	0.347040722	0.437980154	0.64	0.80	
30	A1	P3D1	Control.ET	0.08369419	0.167798962	0.261244885	0.341273779	0.423485324	0.66	0.80	
43	C2	P3D3	AC.AT	0.116590371	0.176397098	0.255720339	0.335839587	0.415460058	0.56	0.82	
44	C2	P3D3	EC.AT	0.119100485	0.194700742	0.2699168	0.335420008	0.404465119	0.52	0.82	
45	C2	P3D3	Control.AT	0.122770378	0.195780573	0.265978848	0.336538253	0.413903661	0.5	0.80	
46	C2	P3D3	AC.ET	0.126577817	0.196102179	0.265508582	0.337288247	0.4073641	0.6	0.80	
47	C2	P3D3	EC.ET	0.132139155	0.183028449	0.268250873	0.335356203	0.409608242	0.6	0.81	
48	C2	P3D3	Control.ET	0.136477401	0.203637107	0.268369006	0.330027989	0.393144059	0.59	0.80	
31	B2	P3D5	AC.AT	0.085794456	0.158941506	0.255678178	0.344620231	0.434472395	0.66	0.81	
32	B2	P3D5	EC.AT	0.088579938	0.168094455	0.257220763	0.340156969	0.426647224	0.48	0.81	
33	B2	P3D5	Control.AT	0.091662932	0.299375276	0.505959189	0.714966498	0.916124375	0.56	0.79	
34	B2	P3D5	AC.ET	0.093272476	0.312973284	0.501394891	0.706133859	0.9099992	0.63	0.83	
35	B2	P3D5	EC.ET	0.095710095	0.186921638	0.26211102	0.340832564	0.419919297	0.62	0.82	
36	B2	P3D5	Control.ET	0.097624775	0.182506179	0.262884612	0.341859699	0.423126707	0.6	0.79	
25	A4	P4A2	AC.AT	0.068357559	0.166580837	0.246741522	0.346518097	0.440997935	0.63	0.79	
26	A4	P4A2	EC.AT	0.070506008	0.162666574	0.252865233	0.343968948	0.4437034	0.64	0.83	
27	A4	P4A2	Control.AT	0.073599554	0.165828535	0.249367801	0.348044202	0.437372164	0.6	0.80	
28	A4	P4A2	AC.ET	0.077351322	0.178026933	0.252998299	0.346569855	0.430459001	0.64	0.80	
29	A4	P4A2	EC.ET	0.080194782	0.182387365	0.264107688	0.340204965	0.424869499	0.54	0.83	
30	A4	P4A2	Control.ET	0.083737105	0.156621155	0.258698176	0.348240379	0.435208582	0.6	0.80	
13	B3	P4A3	AC.AT	0.007341404	0.122891477	0.236388916	0.357472197	0.465992229	0.55	0.80	
14	B3	P4A3	EC.AT	0.013148907	0.1249163	0.25128456	0.376527241	0.44438768	0.58	0.82	
15	B3	P4A3	Control.AT	0.020281784	0.132816102	0.238660307	0.353152137	0.462815243	0.46	0.79	
16	B3	P4A3	AC.ET	0.027616229	0.25705305	0.477167021	0.711518053	0.93806166	0.55	0.81	
17	B3	P4A3	EC.ET	0.033544091	0.151855553	0.245442003	0.34948105	0.45029235	0.62	0.83	
18	B3	P4A3	Control.ET	0.036144561	0.137398448	0.239449565	0.349593547	0.459103825	0.53	0.82	
61	C4	P4A4	AC.AT	0.18799914	0.235776658	0.2836761	0.325340255	0.377499089	0.57	0.81	
62	C4	P4A4	EC.AT	0.190948272	0.238098826	0.282080002	0.326303088	0.375883237	0.56	0.83	
63	C4	P4A4	Control.AT	0.193251025	0.240367732	0.285641986	0.322794189	0.364384722	0.6	0.83	
64	C4	P4A4	AC.ET	0.196687909	0.251238803	0.28560252	0.320703461	0.364433914	0.64	0.80	
65	C4	P4A4	EC.ET	8.74129E-05	0.047300858	0.088169179	0.126413121	0.163114101	0.64	0.80	
66	C4	P4A4	Control.ET	0.002856885	0.176568394	0.34690166	0.515891414	0.6817748	0.63	0.81	
13	B4	P4B2	AC.AT	0.00790332	0.113710866	0.23563148	0.35616795	0.472675681	0.57	0.81	
14	B4	P4B2	EC.AT	0.013224198	0.121146546	0.246359682	0.351815986	0.467227318	0.59	0.80	
15	B4	P4B2	Control.AT	0.020584515	0.115702462	0.239285616	0.355717194	0.469651766	0.55	0.83	
16	B4	P4B2	AC.ET	0.028179192	0.247374183	0.487953485	0.706433688	0.93592122	0.58	0.81	
17	B4	P4B2	EC.ET	0.033573728	0.148902554	0.252176066	0.352322963	0.453806635	0.62	0.79	
18	B4	P4B2	Control.ET	0.036315234	0.14881366	0.251505875	0.347431904	0.45398303	0.59	0.81	
13	C1	P4B5	AC.AT	0.008102934	0.129690382	0.242071774	0.353602853	0.466224551	0.62	0.80	
14	C1	P4B5	EC.AT	0.013835815	0.117692653	0.236044554	0.356755878	0.471259927	0.57	0.80	
15	C1	P4B5	Control.AT	0.022156722	0.259375704	0.483354045	0.730067195	0.963998264	0.62	0.80	
16	C1	P4B5	AC.ET	0.028761594	0.148123069	0.243607575	0.347496622	0.453573658	0.67	0.83	
17	C1	P4B5	EC.ET	0.033832383	0.145739929	0.238140259	0.35356294	0.458474621	0.69	0.81	
18	C1	P4B5	Control.ET	0.036323228	0.145964103	0.243044467	0.348858249	0.4548968	0.71	0.82	
55	C2	P4B6	AC.AT	0.164042999	0.22085276	0.278848368	0.327371376	0.378640679	0.7	0.80	
56	C2	P4B6	EC.AT	0.167867238	0.219780309	0.28017419	0.326829401	0.378350536	0.67	0.80	
57	C2	P4B6	Control.AT	0.172443617	0.237621785	0.279218313	0.327486978	0.375018164	0.6	0.82	
58	C2	P4B6	AC.ET	0.176439432	0.223484554	0.285725325	0.323788087	0.372305377	0.66	0.81	
59	C2	P4B6	EC.ET	0.179215286	0.403740904	0.619328573	0.855590901	1.07929047	0.67	0.82	
60	C2	P4B6	Control.ET	0.181931	0.232260545	0.284790734	0.32134198	0.368415494	0.71	0.81	
7	C1	P4C1	AC.AT	0.046261291	0.197049198	0.322180822	0.462690997	0.603804643	0.63	0.79	
8	C1	P4C1	EC.AT	0.159704905	0.306197052	0.435878266	0.55966567	0.694691137	0.68	0.82	
9	C1	P4C1	Control.AT	0.169440835	0.31544557	0.429953284	0.559898191	0.687762903	0.53	0.82	
10	C1	P4C1	AC.ET	0.180138077	0.439255612	0.698980821	0.959983442	1.228342175	0.64	0.80	
11	C1	P4C1	EC.ET	0.192360811	0.313954727	0.437939894	0.561368647	0.683854296	0.72	0.80	
12	C1	P4C1	Control.ET	0.003735587	0.121570266	0.239186263	0.354611067	0.476434364	0.67	0.80	
73	A1	P4C2	AC.AT	0.024741474	0.068558379	0.085789911	0.115409334	0.148838506	0.61	0.82	
74	A1	P4C2	EC.AT	0.027692216	0.062462172	0.089316495	0.119568001	0.146766437	0.56	0.82	
75	A1	P4C2	Control.AT	0.030828578	0.054884136	0.08518367	0.11939176	0.147745799	0.62	0.80	
76	A1	P4C2	AC.ET	0.032491465	0.177011995	0.3502348	0.508402788	0.664382648	0.56	0.81	
77	A1	P4C2	EC.ET	0.03482113	0.058334036	0.085708125	0.116006001	0.150744193	0.6	0.81	
78	A1	P4C2	Control.ET	0.03940393	0.053244431	0.085230914	0.117343871	0.147358657	0.65	0.81	
31	B1	P4C3	AC.AT	0.085814165	0.172293204	0.262109172	0.341084056	0.422850374	0.6	0.80	
32	B1	P4C3	EC.AT	0.089051093	0.165020557	0.259594703	0.339458846	0.428912898	0.57	0.82	
33	B1	P4C3	Control.AT	0.091781791	0.360568794	0.644146873	0.917428402	1.186771736	0.61	0.81	
34	B1	P4C3	AC.ET	0.09365076	0.17283638	0.25283565	0.340107651	0.426242002	0.65	0.82	
35	B1	P4C3	EC.ET	0.095714451	0.291570731	0.495312699	0.711034624	0.912943008	0.66	0.82	
36	B1	P4C3	Control.ET	0.097759384	0.181829601	0.260726209	0.341353442	0.415545421	0.56	0.83	
43	C4	P4C5	AC.AT	0.116930278	0.1936408	0.266902187	0.341452442	0.414805008	0.6	0.80	
44	C4	P4C5	EC.AT	0.119382892	0.336948223	0.552691657	0.76624659	0.9770961	0.58	0.83	
45	C4	P4C5	Control.AT	0.123141878	0.207193064	0.269057494	0.334536542	0.400051243	0.59	0.81	
46	C4	P4C5	AC.ET	0.127081554	0.196909766	0.269653391	0.333757252	0.407815449	0.66	0.81	
47	C4	P4C5	EC.ET	0.132812129	0.197396926	0.272025176	0.336041865	0.405002158	0.62	0.82	
48	C4	P4C5	Control.ET	0.137310682	0.194302526	0.268235946	0.338324965	0.404149719	0.6	0.81	
43	C3	P4D1	AC.AT	0.117225416	0.188746619	0.257412296	0.335116077	0.413552175	0.56	0.80	
44	C3	P4D1	EC.AT	0.11948732	0.19451653	0.268048214	0.338976931	0.404860032	0.5	0.81	
45	C3	P4D1	Control.AT	0.123249106	0.341591937	0.54956144	0.769220515	0.986691095	0.6	0.83	
46	C3	P4D1	AC.ET	0.127152614	0.213742659	0.272277195	0.33250047	0.39825472	0.58	0.82	
47	C3	P4D1	EC.ET	0.13355336	0.372333846	0.619956053	0.849471507	1.086358328	0.57	0.82	
48	C3	P4D1	Control.ET	0.137365272	0.336341919	0.543378927	0.75084937	0.95233541	0.54	0.80	
43	A1	P4D5	AC.AT	0.117554361	0.188677064	0.259639	0.333826161	0.406015181	0.6	0.82	
44	A1	P4D5	EC.AT	0.119789211	0.194327262	0.271946162	0.338294762	0.406282058	0.58	0.80	
45	A1	P4D5	Control.AT	0.123372809	0.200798047	0.264629068	0.337851332	0.404740872	0.58	0.83	
46	A1	P4D5	AC.ET	0.127219849	0.205572898	0.267199446	0.334752663	0.406352176	0.65	0.80	
47	A1	P4D5	EC.ET	0.133802864	0.194508192	0.270061107	0.335964234	0.397822547	0.62	0.82	
48	A1	P4D5	Control.ET	0.13797825	0.201864806	0.266456508	0.331973213	0.395734545	0.62	0.79	
7	A3	P6A2	AC.AT	0.047647037	0.188340219	0.323911187	0.464050044	0.599958004	0.67	0.82	
8	A3	P6A2	EC.AT	0.160585335	0.311791098	0.436908518	0.558767116	0.692003168	0.67	0.82	
9	A3	P6A2	Control.AT	0.169884394	0.302925478	0.434900517	0.559007794	0.688174159	0.67	0.81	
10	A3	P6A2	AC.ET	0.181300338	0.310886425	0.435333863	0.558335413	0.69136281	0.59	0.80	
11	A3	P6A2	EC.ET	0.195042987	0.308614107	0.437996471	0.558175676	0.679374545	0.67	0.79	
12	A3	P6A2	Control.ET	0.004385044	0.123387415	0.240081496	0.359432357	0.472639671	0.63	0.81	
7	B4	P6B1	AC.AT	0.04784032	0.188450779	0.332917892	0.464970336	0.59847513	0.54	0.80	
8	B4	P6B1	EC.AT	0.163358411	0.305761515	0.433183428	0.564377502	0.689677506	0.59	0.80	
9	B4	P6B1	Control.AT	0.170146205	0.304142371	0.436405721	0.557292968	0.686740361	0.59	0.81	
10	B4	P6B1	AC.ET	0.181307822	0.305037019	0.431777036	0.560754998	0.682538607	0.55	0.82	
11	B4	P6B1	EC.ET	0.195907029	0.318776287	0.431390871	0.555475636	0.678317498	0.62	0.82	
12	B4	P6B1	Control.ET	0.004437767	0.118718666	0.233572943	0.358996836	0.479543542	0.6	0.80	
7	A4	P6B2	AC.AT	0.050045533	0.194065015	0.322175768	0.467667535	0.601965746	0.62	0.82	
8	A4	P6B2	EC.AT	0.163819841	0.297122249	0.433298056	0.563206473	0.69629264	0.62	0.80	
9	A4	P6B2	Control.AT	0.370947605	0.627105676	0.912477527	1.18363255	1.459929068	0.61	0.81	
10	A4	P6B2	AC.ET	0.181541952	0.437493591	0.695592252	0.945632338	1.20374828	0.58	0.81	
11	A4	P6B2	EC.ET	0.197248136	0.459841394	0.705653504	0.953816101	1.200394631	0.65	0.81	
12	A4	P6B2	Control.ET	0.00508869	0.129657295	0.235784464	0.359055599	0.471254007	0.65	0.79	
55	B2	P6C6	AC.AT	0.164639498	0.341215862	0.525677478	0.707136178	0.891700578	0.68	0.80	
56	B2	P6C6	EC.AT	0.167912499	0.226822288	0.272583901	0.330237085	0.376798026	0.65	0.82	
57	B2	P6C6	Control.AT	0.172782338	0.226993944	0.275518128	0.326106376	0.376438275	0.59	0.83	
58	B2	P6C6	AC.ET	0.176858197	0.236477873	0.282749328	0.326064045	0.370569006	0.66	0.79	
59	B2	P6C6	EC.ET	0.1792701	0.409208497	0.622583238	0.85296904	1.07383245	0.66	0.81	
60	B2	P6C6	Control.ET	0.181976931	0.232331827	0.283428358	0.322508882	0.370105867	0.6	0.82	
31	A2	P6D4	AC.AT	0.085958678	0.16315622	0.263356176	0.340030736	0.427723019	0.59	0.81	
32	A2	P6D4	EC.AT	0.089758094	0.160648023	0.257340401	0.343973784	0.433431408	0.56	0.81	
33	A2	P6D4	Control.AT	0.091908822	0.164054422	0.249959709	0.341437495	0.432286427	0.6	0.80	
34	A2	P6D4	AC.ET	0.093752249	0.169361792	0.256373422	0.340588026	0.427258876	0.63	0.80	
35	A2	P6D4	EC.ET	0.095774542	0.17993129	0.257308782	0.343467256	0.427465973	0.68	0.80	
36	A2	P6D4	Control.ET	0.098406254	0.18720688	0.266601755	0.343333555	0.421768751	0.64	0.82	
49	C1	P6D5	AC.AT	0.141405688	0.377036718	0.616523106	0.843977739	1.08096265	0.66	0.79	
50	C1	P6D5	EC.AT	0.143542143	0.192786795	0.263330683	0.335510668	0.40368457	0.57	0.80	
51	C1	P6D5	Control.AT	0.149200112	0.212668118	0.276383928	0.330654541	0.392107515	0.64	0.82	
52	C1	P6D5	AC.ET	0.15184354	0.207885722	0.275304771	0.330004909	0.393009714	0.68	0.82	
53	C1	P6D5	EC.ET	0.156052186	0.202183846	0.265277876	0.330211708	0.395351556	0.65	0.80	
54	C1	P6D5	Control.ET	0.161161219	0.214487558	0.281022273	0.325992064	0.38310885	0.65	0.80	
55	A2	P7A4	AC.AT	0.165085231	0.223905857	0.272953954	0.331448477	0.388512691	0.67	0.83	
56	A2	P7A4	EC.AT	0.168162131	0.223734325	0.273334981	0.33240135	0.384132483	0.57	0.81	
57	A2	P7A4	Control.AT	0.173112789	0.40704786	0.632982063	0.852447787	1.0709302	0.57	0.80	
58	A2	P7A4	AC.ET	0.176954728	0.210328476	0.27717667	0.3269377	0.384076906	0.74	0.80	
59	A2	P7A4	EC.ET	0.179435002	0.219084951	0.274553537	0.326704423	0.383516539	0.59	0.82	
60	A2	P7A4	Control.ET	0.182553418	0.345355195	0.536004416	0.711768142	0.888441635	0.61	0.82	
55	C3	P7A5	AC.AT	0.165249316	0.213300961	0.268439354	0.330587347	0.385466613	0.57	0.81	
56	C3	P7A5	EC.AT	0.168678939	0.223314512	0.279658563	0.327903931	0.388513383	0.66	0.81	
57	C3	P7A5	Control.AT	0.173644416	0.224919259	0.274081551	0.332638008	0.383850608	0.54	0.83	
58	C3	P7A5	AC.ET	0.177069799	0.239894105	0.275440807	0.327887287	0.371462976	0.63	0.80	
59	C3	P7A5	EC.ET	0.180057668	0.239445165	0.27611961	0.323771629	0.374297825	0.62	0.80	
60	C3	P7A5	Control.ET	0.183354308	0.236418696	0.281319565	0.323505256	0.367284524	0.63	0.80	
25	C3	P7B1	AC.AT	0.068488273	0.155577653	0.257167323	0.346628379	0.437304707	0.59	0.79	
26	C3	P7B1	EC.AT	0.070565773	0.169424459	0.252395858	0.344709623	0.430535748	0.62	0.82	
27	C3	P7B1	Control.AT	0.073673703	0.173412064	0.256479054	0.346839873	0.434626745	0.53	0.82	
28	C3	P7B1	AC.ET	0.077373645	0.168545205	0.257789534	0.340414588	0.42560604	0.62	0.80	
29	C3	P7B1	EC.ET	0.080287847	0.167134747	0.252593005	0.346665078	0.433880446	0.52	0.82	
30	C3	P7B1	Control.ET	0.083854786	0.301881682	0.510119169	0.732891807	0.952987212	0.61	0.81	
25	C4	P7B4	AC.AT	0.068617546	0.128545518	0.25060959	0.373233709	0.495699813	0.59	0.79	
26	C4	P7B4	EC.AT	0.070625374	0.148215449	0.253015602	0.343286223	0.441468041	0.57	0.80	
27	C4	P7B4	Control.AT	0.073952826	0.166561306	0.254453598	0.348257078	0.436138113	0.62	0.80	
28	C4	P7B4	AC.ET	0.077412127	0.279930583	0.488160155	0.706295174	0.923492412	0.63	0.80	
29	C4	P7B4	EC.ET	0.080785271	0.174707789	0.251543659	0.34657177	0.431992427	0.58	0.81	
30	C4	P7B4	Control.ET	0.084308713	0.186918308	0.25353234	0.338689946	0.421385636	0.57	0.82	
19	C4	P7B5	AC.AT	0.044030035	0.131257019	0.251341269	0.353440875	0.456697516	0.61	0.79	
20	C4	P7B5	EC.AT	0.050600948	0.161818043	0.248748924	0.345012476	0.442422636	0.6	0.82	
21	C4	P7B5	Control.AT	0.055628125	0.155370166	0.242171972	0.347212803	0.449379964	0.67	0.81	
22	C4	P7B5	AC.ET	0.058907979	0.161505288	0.258884185	0.342850743	0.437021131	0.6	0.82	
23	C4	P7B5	EC.ET	0.061068114	0.152921612	0.250593503	0.344932019	0.439747476	0.68	0.83	
24	C4	P7B5	Control.ET	0.064736162	0.171182752	0.247354145	0.342668234	0.435772736	0.68	0.82	
19	C2	P7C1	AC.AT	0.045527838	0.256511901	0.490254381	0.706324814	0.93213395	0.67	0.83	
20	C2	P7C1	EC.AT	0.050821918	0.157047746	0.247479973	0.345209641	0.444174555	0.6	0.80	
21	C2	P7C1	Control.AT	0.055989642	0.276339535	0.491439226	0.707192371	0.92696615	0.59	0.80	
22	C2	P7C1	AC.ET	0.059058111	0.160853137	0.259719542	0.346502126	0.438574443	0.63	0.83	
23	C2	P7C1	EC.ET	0.062743618	0.164403012	0.256518725	0.348003212	0.442010994	0.68	0.82	
24	C2	P7C1	Control.ET	0.065220174	0.154435015	0.245985139	0.349223873	0.444947806	0.64	0.81	
55	C4	P7C4	AC.AT	0.165397882	0.336515821	0.528314889	0.70906273	0.8919474	0.62	0.82	
56	C4	P7C4	EC.AT	0.168869644	0.338795237	0.522189964	0.710265692	0.891279751	0.62	0.82	
57	C4	P7C4	Control.AT	0.174115995	0.227331994	0.28266336	0.324254151	0.377284427	0.63	0.80	
58	C4	P7C4	AC.ET	0.17714755	0.216733229	0.274379317	0.328037137	0.384620607	0.65	0.81	
59	C4	P7C4	EC.ET	0.180142988	0.217022761	0.273646992	0.329164294	0.378922482	0.63	0.83	
60	C4	P7C4	Control.ET	0.183461917	0.354705538	0.527090565	0.710594193	0.88676904	0.58	0.80	
55	A3	P7C5	AC.AT	0.165964026	0.223528646	0.273380662	0.327704974	0.378674763	0.61	0.83	
56	A3	P7C5	EC.AT	0.168954261	0.222094118	0.274798125	0.329851767	0.386041008	0.67	0.81	
57	A3	P7C5	Control.AT	0.174362393	0.220933858	0.277899202	0.327614016	0.385893424	0.58	0.79	
58	A3	P7C5	AC.ET	0.177189485	0.221226329	0.281659262	0.326748987	0.383259686	0.66	0.82	
59	A3	P7C5	EC.ET	0.180297113	0.233612052	0.277644365	0.323242484	0.37044077	0.61	0.80	
60	A3	P7C5	Control.ET	0.183613276	0.228797701	0.275880086	0.321677402	0.369112693	0.66	0.80	
13	A3	P8A1	AC.AT	0.008641788	0.138423371	0.237020917	0.355879654	0.465355285	0.6	0.81	
14	A3	P8A1	EC.AT	0.01397061	0.114683391	0.234260864	0.353691878	0.47502526	0.59	0.80	
15	A3	P8A1	Control.AT	0.023159991	0.130358895	0.245394573	0.354031845	0.465836643	0.56	0.82	
16	A3	P8A1	AC.ET	0.029390993	0.131245914	0.249898492	0.351645558	0.46091283	0.58	0.82	
17	A3	P8A1	EC.ET	0.033841952	0.139762366	0.251737892	0.349699782	0.451246997	0.63	0.82	
18	A3	P8A1	Control.ET	0.037090141	0.131646506	0.250019828	0.353483738	0.462045212	0.51	0.83	
13	A2	P8A5	AC.AT	0.010364009	0.138640204	0.243590719	0.355143572	0.46545834	0.58	0.82	
14	A2	P8A5	EC.AT	0.014109367	0.128844716	0.246852273	0.349798007	0.460736681	0.6	0.80	
15	A2	P8A5	Control.AT	0.023269894	0.133812557	0.244329781	0.352716678	0.465357345	0.54	0.81	
16	A2	P8A5	AC.ET	0.029403026	0.134881003	0.247448902	0.349260719	0.457956094	0.59	0.83	
17	A2	P8A5	EC.ET	0.034063922	0.253985364	0.484416975	0.704532032	0.926689815	0.67	0.81	
18	A2	P8A5	Control.ET	0.037858794	0.138214302	0.250946908	0.352156663	0.457151511	0.64	0.80	
43	A4	P8B2	AC.AT	0.117616774	0.185223187	0.259329312	0.336063702	0.410273535	0.64	0.83	
44	A4	P8B2	EC.AT	0.119864667	0.189143446	0.270480924	0.339776256	0.409084844	0.59	0.81	
45	A4	P8B2	Control.AT	0.123442542	0.199999942	0.261527914	0.338617377	0.403953103	0.68	0.83	
46	A4	P8B2	AC.ET	0.127864012	0.205791758	0.264501171	0.331165185	0.400526739	0.65	0.81	
47	A4	P8B2	EC.ET	0.134472449	0.215467209	0.273602996	0.334113545	0.395948816	0.56	0.79	
48	A4	P8B2	Control.ET	0.138009017	0.201297905	0.26971103	0.331755517	0.398256361	0.6	0.80	
43	A3	P8C3	AC.AT	0.118123382	0.189345309	0.262548887	0.340087724	0.411794686	0.52	0.81	
44	A3	P8C3	EC.AT	0.119873211	0.185121152	0.259064507	0.339678764	0.411651931	0.57	0.81	
45	A3	P8C3	Control.AT	0.123484986	0.192672655	0.263130306	0.338207352	0.408001062	0.57	0.79	
46	A3	P8C3	AC.ET	0.128285272	0.19062021	0.258549129	0.339244536	0.409198799	0.58	0.81	
47	A3	P8C3	EC.ET	0.134556672	0.200437178	0.268352583	0.336715378	0.402323291	0.6	0.81	
48	A3	P8C3	Control.ET	0.138191914	0.333889402	0.520721051	0.707900973	0.894308361	0.57	0.82	
55	A4	P8C6	AC.AT	0.166151813	0.221573582	0.267119834	0.327640622	0.38842342	0.68	0.81	
56	A4	P8C6	EC.AT	0.168966418	0.227284609	0.277983868	0.327789451	0.378141427	0.64	0.82	
57	A4	P8C6	Control.AT	0.174421245	0.225951915	0.28460908	0.323737008	0.372899692	0.66	0.82	
58	A4	P8C6	AC.ET	0.177658678	0.225453981	0.271167323	0.326197207	0.381123635	0.7	0.79	
59	A4	P8C6	EC.ET	0.180397774	0.374405869	0.584468233	0.786867642	0.991499514	0.66	0.81	
60	A4	P8C6	Control.ET	0.183682417	0.372629479	0.545662425	0.737427351	0.92546028	0.64	0.79	
13	A1	P8D4	AC.AT	0.010459331	0.129085155	0.235899063	0.358074411	0.469604061	0.64	0.82	
14	A1	P8D4	EC.AT	0.014318725	0.120748592	0.246777698	0.35593062	0.46723833	0.65	0.81	
15	A1	P8D4	Control.AT	0.023548424	0.121516061	0.24727187	0.351039906	0.464595873	0.66	0.81	
16	A1	P8D4	AC.ET	0.03008305	0.141911597	0.249722012	0.347519733	0.45380323	0.6	0.83	
17	A1	P8D4	EC.ET	0.034341	0.126422318	0.24355001	0.354091658	0.461589413	0.7	0.81	
18	A1	P8D4	Control.ET	0.038327367	0.152634788	0.251863164	0.349591863	0.453394139	0.68	0.81	
13	A4	PAC4	AC.AT	0.011744272	0.133395275	0.240652127	0.354866685	0.469176433	0.61	0.82	
14	A4	PAC4	EC.AT	0.015536488	0.126440621	0.238881046	0.354089947	0.467436834	0.63	0.81	
15	A4	PAC4	Control.AT	0.024866238	0.131823664	0.242030554	0.35498201	0.463900589	0.57	0.82	
16	A4	PAC4	AC.ET	0.030994813	0.12962286	0.246112225	0.352825815	0.459441567	0.58	0.81	
17	A4	PAC4	EC.ET	0.034446876	0.129937161	0.236679563	0.352622143	0.463284219	0.69	0.80	
18	A4	PAC4	Control.ET	0.039481349	0.307859871	0.574614878	0.847224758	1.118646366	0.62	0.80	
31	C2	SFallMN	AC.AT	0.085968838	0.153876522	0.256734947	0.34752556	0.435051104	0.58	0.81	
32	C2	SFallMN	EC.AT	0.089816586	0.310688343	0.520795637	0.734343997	0.94480405	0.52	0.81	
33	C2	SFallMN	Control.AT	0.092228651	0.175179511	0.26356175	0.342320713	0.421332193	0.5	0.80	
34	C2	SFallMN	AC.ET	0.093996645	0.174496108	0.262215505	0.3424651	0.419845782	0.6	0.80	
35	C2	SFallMN	EC.ET	0.095837171	0.175430997	0.260374861	0.342644604	0.417461797	0.56	0.79	
36	C2	SFallMN	Control.ET	0.098594317	0.294633027	0.501199589	0.706773032	0.908555694	0.55	0.82	
